  8.8000e+02 -1.7706e+00  5.3517e-02
  8.8105e+02  0.0000e+00  0.0000e+00
  8.8210e+02 -5.7618e-01  9.4441e-02
  8.8315e+02  0.0000e+00  0.0000e+00
  8.8420e+02  9.3101e-02  6.8147e-01
  8.8525e+02 -9.5527e-01  8.2336e-01
  8.8630e+02  5.2849e-02  5.3009e-01
  8.8735e+02  6.9153e-01  6.5653e-01
  8.8841e+02  0.0000e+00  0.0000e+00
  8.8946e+02 -7.5358e-01  1.5350e-01
  8.9051e+02 -7.0060e-01  6.1040e-01
  8.9156e+02  0.0000e+00  0.0000e+00
  8.9261e+02 -5.8101e-01  2.2883e-01
  8.9366e+02  2.9187e-01  1.2734e-01
  8.9471e+02 -1.2043e+00  6.5417e-01
  8.9576e+02 -9.5022e-01  9.5390e-01
  8.9681e+02  0.0000e+00  0.0000e+00
  8.9786e+02  7.4733e-01  1.3807e-01
  8.9891e+02 -8.0049e-01  1.5919e+00
  8.9996e+02  6.2719e-01  3.5180e-01
  9.0101e+02  0.0000e+00  0.0000e+00
  9.0206e+02 -3.2244e-01  4.3202e-01
  9.0311e+02  4.5870e-01  1.3354e+00
  9.0417e+02  2.7378e-02  2.7378e-02
  9.0522e+02  1.8402e-01  5.6378e-01
  9.0627e+02  4.4233e-01  2.7487e-01
  9.0732e+02 -2.4203e-01  6.5618e-01
  9.0837e+02 -3.6776e-01  2.7505e-01
  9.0942e+02  4.1282e-01  3.6073e-01
  9.1047e+02  0.0000e+00  0.0000e+00
  9.1152e+02 -1.1577e-01  4.9637e-01
  9.1257e+02 -1.0915e-01  2.3180e-01
  9.1362e+02  2.5757e-01  5.3727e-01
  9.1467e+02 -4.0557e-01  4.7837e-01
  9.1572e+02  1.5988e-01  2.7394e-01
  9.1677e+02 -8.7888e-01  9.5526e-01
  9.1782e+02  1.7982e-01  2.9907e-01
  9.1887e+02 -1.3324e-01  8.3773e-02
  9.1992e+02  4.4760e-01  5.8266e-01
  9.2098e+02  2.9661e-01  4.9868e-01
  9.2203e+02 -1.3563e-01  7.4795e-01
  9.2308e+02 -5.8951e-01  3.8909e-01
  9.2413e+02 -2.5319e-01  2.2848e-01
  9.2518e+02 -1.7154e-01  4.3786e-01
  9.2623e+02  8.8995e-01  1.8621e-01
  9.2728e+02 -5.8466e-01  1.8671e-01
  9.2833e+02  7.8152e-01  1.5212e+00
  9.2938e+02 -3.7062e-01  5.0594e-01
  9.3043e+02 -3.0665e-01  5.8951e-01
  9.3148e+02  6.5702e-01  4.5416e-01
  9.3253e+02 -4.6710e-01  7.1051e-01
  9.3358e+02 -8.0719e-01  2.3653e-01
  9.3463e+02  1.5881e-01  3.5649e-01
  9.3568e+02 -1.8565e-01  4.1623e-01
  9.3674e+02  5.5616e-01  5.3238e-01
  9.3779e+02  2.8346e-01  2.3554e-01
  9.3884e+02 -4.2702e-01  3.6372e-01
  9.3989e+02 -3.4476e-01  3.8138e-01
  9.4094e+02  1.3616e-01  1.9766e-01
  9.4199e+02  5.4949e-01  4.0656e-01
  9.4304e+02  2.7508e-02  2.7607e-01
  9.4409e+02  7.3351e-01  4.0024e-01
  9.4514e+02  1.8088e-01  2.3003e-01
  9.4619e+02  7.3031e-02  8.6578e-02
  9.4724e+02  5.2362e-01  4.3646e-01
  9.4829e+02  1.8173e-01  2.8992e-01
  9.4934e+02  1.8973e-01  2.9051e-01
  9.5039e+02  1.4021e-01  1.4322e-01
  9.5144e+02  5.7762e-01  3.3596e-01
  9.5250e+02  5.9649e-01  1.7933e-01
  9.5355e+02  4.0708e-01  1.7803e-01
  9.5460e+02  4.3624e-01  1.4919e-01
  9.5565e+02 -1.2028e-01  4.5944e-02
  9.5670e+02  3.2573e-01  1.9124e-01
  9.5775e+02  3.6114e-01  1.7509e-01
  9.5880e+02  5.8634e-01  6.4371e-02
  9.5985e+02  1.3604e-01  2.0458e-01
  9.6090e+02  2.6656e-01  2.5760e-01
  9.6195e+02  2.8400e-01  1.7725e-01
  9.6300e+02  2.4257e-01  1.6442e-01
  9.6405e+02  4.4531e-02  1.5053e-01
  9.6510e+02  1.5195e-01  3.3678e-01
  9.6615e+02  5.5382e-02  9.5755e-02
  9.6720e+02  1.3007e-01  1.8006e-01
  9.6826e+02  1.5903e-01  2.1230e-01
  9.6931e+02 -1.7154e-01  2.6655e-01
  9.7036e+02  4.1413e-01  1.4348e-01
  9.7141e+02  5.8416e-02  1.3478e-01
  9.7246e+02  1.0933e-01  1.8299e-01
  9.7351e+02  3.1278e-02  7.9211e-02
  9.7456e+02  6.1146e-01  2.6849e-01
  9.7561e+02  2.3049e-01  1.3974e-01
  9.7666e+02  5.0083e-02  1.0978e-01
  9.7771e+02  1.4908e-01  1.5233e-01
  9.7876e+02  4.6845e-01  1.6230e-01
  9.7981e+02  2.3997e-01  1.5778e-01
  9.8086e+02  3.8212e-01  1.8740e-01
  9.8191e+02  4.4941e-01  5.3428e-02
  9.8296e+02  6.0753e-02  1.3693e-01
  9.8402e+02 -3.3953e-02  8.6854e-02
  9.8507e+02  4.8462e-01  1.1371e-01
  9.8612e+02  1.6694e-01  1.2403e-01
  9.8717e+02  3.3299e-02  1.5008e-01
  9.8822e+02  1.9096e-01  1.8154e-01
  9.8927e+02  4.7376e-01  1.4309e-01
  9.9032e+02  3.6243e-01  1.2017e-01
  9.9137e+02  4.0177e-01  1.2249e-01
  9.9242e+02  1.9108e-01  1.3053e-01
  9.9347e+02  5.7817e-01  9.2477e-02
  9.9452e+02  2.1158e-01  1.4088e-01
  9.9557e+02  5.3514e-01  9.1950e-02
  9.9662e+02  4.7449e-01  8.5373e-02
  9.9767e+02  3.6009e-01  1.8903e-01
  9.9872e+02  7.1705e-01  7.6293e-02
  9.9977e+02  6.9569e-01  1.9256e-01
  1.0008e+03  2.8726e-01  1.3038e-01
  1.0019e+03  3.0078e-01  1.4961e-01
  1.0029e+03 -3.6885e-02  8.3586e-02
  1.0040e+03  3.9020e-01  9.1680e-02
  1.0050e+03  5.0452e-01  3.9142e-02
  1.0061e+03  2.9958e-01  1.1851e-01
  1.0071e+03  5.8037e-01  1.5495e-01
  1.0082e+03  2.9748e-01  1.1899e-01
  1.0092e+03  2.4276e-01  1.0485e-01
  1.0103e+03  4.5419e-01  1.7391e-01
  1.0113e+03  2.1823e-01  1.4086e-01
  1.0124e+03  5.0427e-01  1.1829e-01
  1.0134e+03  3.1356e-01  1.0438e-01
  1.0145e+03  4.1802e-01  9.5987e-02
  1.0155e+03 -4.2283e-02  8.8145e-02
  1.0166e+03 -1.5259e-02  1.4025e-01
  1.0176e+03  2.0029e-01  5.7609e-02
  1.0187e+03  1.6740e-01  1.9111e-01
  1.0197e+03  1.9881e-02  1.1519e-01
  1.0208e+03  1.8983e-01  8.4737e-02
  1.0218e+03  2.5716e-01  6.4166e-02
  1.0229e+03  1.3620e-01  1.1717e-01
  1.0239e+03  3.1442e-01  9.9890e-02
  1.0250e+03 -2.8516e-02  1.3391e-01
  1.0260e+03  1.6480e-01  1.7024e-01
  1.0271e+03  2.9494e-01  7.9859e-02
  1.0281e+03  2.4309e-01  1.1448e-01
  1.0292e+03  1.2048e-01  1.3246e-01
  1.0302e+03  1.6765e-01  9.3418e-02
  1.0313e+03  3.1836e-01  6.4297e-02
  1.0323e+03  4.8038e-01  9.6538e-02
  1.0334e+03  3.0242e-01  7.1042e-02
  1.0344e+03  3.3954e-01  8.7833e-02
  1.0355e+03  1.0949e-01  7.0339e-02
  1.0365e+03  3.1217e-01  3.4713e-02
  1.0376e+03  6.1070e-01  1.1602e-01
  1.0386e+03  4.0463e-01  8.4679e-02
  1.0397e+03  5.8792e-01  1.0506e-01
  1.0408e+03  5.5000e-01  1.1189e-01
  1.0418e+03  7.4977e-01  1.4111e-01
  1.0429e+03  5.3927e-01  8.6434e-02
  1.0439e+03  7.6130e-01  1.1979e-01
  1.0450e+03  8.3112e-01  1.7758e-01
  1.0460e+03  4.4685e-01  1.0604e-01
  1.0471e+03  4.4202e-01  7.7142e-02
  1.0481e+03  6.5384e-01  6.2289e-02
  1.0492e+03  6.3967e-01  1.2642e-01
  1.0502e+03  6.8665e-01  4.6911e-02
  1.0513e+03  6.7465e-01  9.3133e-02
  1.0523e+03  7.9384e-01  1.7271e-01
  1.0534e+03  3.1737e-01  7.7533e-02
  1.0544e+03  5.6168e-01  9.6056e-02
  1.0555e+03  3.6278e-01  9.0526e-02
  1.0565e+03  5.5933e-01  1.3580e-01
  1.0576e+03  4.2965e-01  7.7105e-02
  1.0586e+03  4.9475e-01  6.5366e-02
  1.0597e+03  4.0306e-01  8.9930e-02
  1.0607e+03  4.7809e-01  1.0859e-01
  1.0618e+03  6.1788e-01  3.7102e-02
  1.0628e+03  2.3788e-01  8.9837e-02
  1.0639e+03  4.3001e-01  8.3080e-02
  1.0649e+03  5.6054e-01  1.1837e-01
  1.0660e+03  5.8606e-01  1.2186e-01
  1.0670e+03  4.4758e-01  9.4172e-02
  1.0681e+03  8.0452e-01  9.7232e-02
  1.0691e+03  8.5442e-01  8.9750e-02
  1.0702e+03  6.8291e-01  1.0881e-01
  1.0712e+03  3.9197e-01  1.0844e-01
  1.0723e+03  7.6690e-01  1.8301e-01
  1.0733e+03  5.0408e-01  6.7664e-02
  1.0744e+03  6.7529e-01  8.6130e-02
  1.0754e+03  3.6790e-01  1.0112e-01
  1.0765e+03  6.4279e-01  7.6502e-02
  1.0775e+03  4.8754e-01  2.5923e-02
  1.0786e+03  4.3470e-01  1.0170e-01
  1.0796e+03  5.0829e-01  8.1758e-02
  1.0807e+03  3.1776e-01  9.6440e-02
  1.0817e+03  2.4007e-01  8.7392e-02
  1.0828e+03  4.7128e-01  1.1769e-01
  1.0838e+03  5.3101e-01  7.2095e-02
  1.0849e+03  3.6149e-01  1.2108e-01
  1.0859e+03  6.2312e-01  6.0365e-02
  1.0870e+03  4.6569e-01  4.9156e-02
  1.0880e+03  4.4011e-01  9.1838e-02
  1.0891e+03  6.7931e-01  1.1210e-01
  1.0901e+03  7.5322e-01  6.5577e-02
  1.0912e+03  3.3540e-01  6.8628e-02
  1.0922e+03  4.2713e-01  1.0559e-01
  1.0933e+03  4.4198e-01  1.0661e-01
  1.0943e+03  4.4273e-01  7.0058e-02
  1.0954e+03  4.2253e-01  8.5515e-02
  1.0964e+03  3.4825e-01  9.9575e-02
  1.0975e+03  5.9232e-01  7.7159e-02
  1.0985e+03  6.2275e-01  1.1449e-01
  1.0996e+03  4.4691e-01  1.1989e-01
  1.1006e+03  4.2308e-01  1.1912e-01
  1.1017e+03  7.1576e-01  6.9157e-02
  1.1027e+03  5.8573e-01  6.4018e-02
  1.1038e+03  6.5091e-01  6.7398e-02
  1.1048e+03  6.3231e-01  8.1371e-02
  1.1059e+03  8.1183e-01  1.2040e-01
  1.1069e+03  4.9514e-01  5.9032e-02
  1.1080e+03  4.4286e-01  7.5612e-02
  1.1090e+03  6.1000e-01  6.4388e-02
  1.1101e+03  5.5859e-01  7.2851e-02
  1.1111e+03  7.4338e-01  6.9866e-02
  1.1122e+03  3.7604e-01  9.4433e-02
  1.1132e+03  5.2843e-01  7.4394e-02
  1.1143e+03  4.5080e-01  9.8624e-02
  1.1153e+03  4.6936e-01  9.1973e-02
  1.1164e+03  5.9467e-01  7.0728e-02
  1.1174e+03  5.5993e-01  6.8236e-02
  1.1185e+03  5.7537e-01  6.1147e-02
  1.1195e+03  3.9890e-01  9.8693e-02
  1.1206e+03  5.7185e-01  8.1302e-02
  1.1217e+03  5.3962e-01  6.0404e-02
  1.1227e+03  5.6460e-01  9.1389e-02
  1.1238e+03  5.2602e-01  4.9306e-02
  1.1248e+03  6.8058e-01  7.6931e-02
  1.1259e+03  5.2737e-01  6.2728e-02
  1.1269e+03  3.9268e-01  5.9985e-02
  1.1280e+03  4.0647e-01  1.0264e-01
  1.1290e+03  5.6020e-01  1.0460e-01
  1.1301e+03  5.1255e-01  6.9102e-02
  1.1311e+03  3.9932e-01  9.4731e-02
  1.1322e+03  5.8909e-01  5.6862e-02
  1.1332e+03  3.4481e-01  9.6539e-02
  1.1343e+03  3.6733e-01  9.6368e-02
  1.1353e+03  5.9961e-01  1.0669e-01
  1.1364e+03  6.2099e-01  1.0050e-01
  1.1374e+03  5.8752e-01  8.3154e-02
  1.1385e+03  6.2080e-01  4.6802e-02
  1.1395e+03  3.5391e-01  7.0100e-02
  1.1406e+03  6.2952e-01  5.8760e-02
  1.1416e+03  4.5462e-01  4.6449e-02
  1.1427e+03  6.9455e-01  8.8650e-02
  1.1437e+03  4.8881e-01  7.0415e-02
  1.1448e+03  6.5983e-01  5.3768e-02
  1.1458e+03  5.1134e-01  6.7294e-02
  1.1469e+03  6.4051e-01  4.3777e-02
  1.1479e+03  6.8346e-01  8.8352e-02
  1.1490e+03  7.7933e-01  6.8317e-02
  1.1500e+03  6.4969e-01  8.8220e-02
  1.1511e+03  6.7964e-01  4.2593e-02
  1.1521e+03  5.7897e-01  6.5759e-02
  1.1532e+03  7.1861e-01  8.1964e-02
  1.1542e+03  5.6835e-01  1.0667e-01
  1.1553e+03  6.1725e-01  5.0584e-02
  1.1563e+03  7.5517e-01  8.6539e-02
  1.1574e+03  8.3760e-01  5.0600e-02
  1.1584e+03  7.8438e-01  3.7862e-02
  1.1595e+03  6.6378e-01  2.5073e-02
  1.1605e+03  4.9087e-01  7.5401e-02
  1.1616e+03  7.7185e-01  2.5890e-02
  1.1626e+03  6.5588e-01  4.4881e-02
  1.1637e+03  7.8457e-01  5.3371e-02
  1.1647e+03  6.0245e-01  6.5245e-02
  1.1658e+03  6.1384e-01  8.4350e-02
  1.1668e+03  6.0375e-01  7.4995e-02
  1.1679e+03  6.6392e-01  7.5498e-02
  1.1689e+03  5.6082e-01  6.8166e-02
  1.1700e+03  5.3173e-01  4.7856e-02
  1.1710e+03  6.0085e-01  5.3155e-02
  1.1721e+03  3.9847e-01  5.1139e-02
  1.1731e+03  4.5091e-01  5.7511e-02
  1.1742e+03  5.3802e-01  8.0862e-02
  1.1752e+03  4.8105e-01  4.5150e-02
  1.1763e+03  4.8789e-01  4.8869e-02
  1.1773e+03  4.6035e-01  6.2998e-02
  1.1784e+03  4.6818e-01  8.4758e-02
  1.1794e+03  5.0599e-01  7.8085e-02
  1.1805e+03  5.3219e-01  4.9777e-02
  1.1815e+03  5.4788e-01  6.4350e-02
  1.1826e+03  6.2005e-01  7.5032e-02
  1.1836e+03  5.8063e-01  7.0435e-02
  1.1847e+03  6.9345e-01  7.1992e-02
  1.1857e+03  5.6951e-01  9.3274e-02
  1.1868e+03  3.9531e-01  4.0706e-02
  1.1878e+03  3.7845e-01  5.8206e-02
  1.1889e+03  3.7961e-01  7.8217e-02
  1.1899e+03  1.8880e-01  3.9305e-02
  1.1910e+03  3.5346e-01  5.9129e-02
  1.1920e+03  2.4060e-01  5.4322e-02
  1.1931e+03  2.5387e-01  6.1947e-02
  1.1941e+03  3.1128e-01  8.5165e-02
  1.1952e+03  6.4613e-01  6.7836e-02
  1.1962e+03  5.0134e-01  6.5519e-02
  1.1973e+03  3.8797e-01  7.6982e-02
  1.1983e+03  3.4639e-01  6.4369e-02
  1.1994e+03  4.3951e-01  5.9103e-02
  1.2005e+03  2.3947e-01  4.5245e-02
  1.2015e+03  3.2690e-01  3.7021e-02
  1.2026e+03  3.1765e-01  4.6609e-02
  1.2036e+03  2.3010e-01  5.4685e-02
  1.2047e+03 -4.9786e-03  5.2278e-02
  1.2057e+03  1.3088e-01  6.1377e-02
  1.2068e+03  1.4795e-01  4.7449e-02
  1.2078e+03  1.5670e-01  9.4162e-02
  1.2089e+03  1.3547e-01  6.1575e-02
  1.2099e+03  2.1783e-01  6.0070e-02
  1.2110e+03  3.5255e-01  5.4343e-02
  1.2120e+03  9.9445e-02  4.2681e-02
  1.2131e+03  1.6760e-01  5.3544e-02
  1.2141e+03  7.6975e-02  5.1498e-02
  1.2152e+03  2.0681e-01  5.0244e-02
  1.2162e+03  1.4506e-01  8.1392e-02
  1.2173e+03  2.9466e-01  6.2570e-02
  1.2183e+03  2.2162e-01  4.6753e-02
  1.2194e+03  3.7162e-01  5.9657e-02
  1.2204e+03  2.8858e-01  6.6951e-02
  1.2215e+03  3.1970e-01  4.4221e-02
  1.2225e+03  3.3135e-01  7.4680e-02
  1.2236e+03  3.4647e-01  5.4783e-02
  1.2246e+03  4.9901e-01  6.4092e-02
  1.2257e+03  5.3236e-01  3.5300e-02
  1.2267e+03  4.9080e-01  9.1863e-02
  1.2278e+03  6.1383e-01  9.5505e-02
  1.2288e+03  7.2706e-01  3.5476e-02
  1.2299e+03  7.7097e-01  4.7654e-02
  1.2309e+03  7.1943e-01  6.2393e-02
  1.2320e+03  6.7572e-01  8.2576e-02
  1.2330e+03  7.7126e-01  6.3642e-02
  1.2341e+03  7.0742e-01  3.8977e-02
  1.2351e+03  6.5980e-01  5.9770e-02
  1.2362e+03  6.6648e-01  3.6871e-02
  1.2372e+03  6.2401e-01  4.9280e-02
  1.2383e+03  8.6454e-01  3.1522e-02
  1.2393e+03  8.2858e-01  6.4101e-02
  1.2404e+03  9.5358e-01  9.2765e-02
  1.2414e+03  8.0810e-01  5.9202e-02
  1.2425e+03  8.4802e-01  3.8813e-02
  1.2435e+03  1.0228e+00  4.9723e-02
  1.2446e+03  9.2283e-01  8.9905e-02
  1.2456e+03  9.5211e-01  4.6907e-02
  1.2467e+03  7.6722e-01  4.4262e-02
  1.2477e+03  9.1808e-01  6.5762e-02
  1.2488e+03  8.1754e-01  7.1495e-02
  1.2498e+03  8.1067e-01  4.7151e-02
  1.2509e+03  9.3806e-01  2.0987e-02
  1.2519e+03  1.0320e+00  2.1497e-02
  1.2530e+03  9.1876e-01  5.4202e-02
  1.2540e+03  7.8058e-01  5.6069e-02
  1.2551e+03  8.3524e-01  8.0551e-02
  1.2561e+03  7.8428e-01  6.2492e-02
  1.2572e+03  6.0441e-01  4.7927e-02
  1.2582e+03  5.6311e-01  7.0218e-02
  1.2593e+03  3.5540e-01  3.1168e-02
  1.2603e+03  5.8400e-01  4.7032e-02
  1.2614e+03  5.5964e-01  5.5970e-02
  1.2624e+03  6.9984e-01  5.8383e-02
  1.2635e+03  1.0089e+00  5.2650e-02
  1.2645e+03  1.1019e+00  4.5648e-02
  1.2656e+03  9.7963e-01  3.3560e-02
  1.2666e+03  9.5604e-01  6.7861e-02
  1.2677e+03  9.9872e-01  4.0313e-02
  1.2687e+03  9.6216e-01  5.8015e-02
  1.2698e+03  1.0114e+00  6.4393e-02
  1.2708e+03  9.0350e-01  6.0632e-02
  1.2719e+03  9.5453e-01  5.3032e-02
  1.2729e+03  9.4806e-01  6.8009e-02
  1.2740e+03  1.0231e+00  6.1948e-02
  1.2750e+03  9.9847e-01  4.7393e-02
  1.2761e+03  9.2813e-01  3.2585e-02
  1.2771e+03  1.0146e+00  7.2333e-02
  1.2782e+03  1.1928e+00  6.1006e-02
  1.2792e+03  1.1099e+00  5.6396e-02
  1.2803e+03  9.7395e-01  5.7549e-02
  1.2814e+03  1.0611e+00  6.9492e-02
  1.2824e+03  1.0321e+00  5.7443e-02
  1.2835e+03  1.1638e+00  4.8351e-02
  1.2845e+03  9.8377e-01  5.1756e-02
  1.2856e+03  1.0195e+00  4.5736e-02
  1.2866e+03  1.0456e+00  6.4583e-02
  1.2877e+03  1.0981e+00  6.4517e-02
  1.2887e+03  1.0028e+00  1.7197e-02
  1.2898e+03  1.0393e+00  3.7810e-02
  1.2908e+03  1.0113e+00  4.9145e-02
  1.2919e+03  1.0421e+00  5.2147e-02
  1.2929e+03  9.8308e-01  6.3577e-02
  1.2940e+03  9.2698e-01  7.6412e-02
  1.2950e+03  8.0310e-01  6.0852e-02
  1.2961e+03  9.2089e-01  4.7723e-02
  1.2971e+03  9.0413e-01  8.0246e-02
  1.2982e+03  7.1835e-01  3.8247e-02
  1.2992e+03  6.0584e-01  3.6051e-02
  1.3003e+03  4.8903e-01  3.4481e-02
  1.3013e+03  4.7196e-01  5.8800e-02
  1.3024e+03  3.6850e-01  4.2169e-02
  1.3034e+03  5.1490e-01  5.2705e-02
  1.3045e+03  6.2478e-01  4.1614e-02
  1.3055e+03  5.7881e-01  5.9394e-02
  1.3066e+03  8.4781e-01  8.3225e-02
  1.3076e+03  1.0299e+00  6.0029e-02
  1.3087e+03  1.0878e+00  1.0652e-01
  1.3097e+03  9.9789e-01  8.0653e-02
  1.3108e+03  1.1458e+00  4.2594e-02
  1.3118e+03  1.2585e+00  4.4977e-02
  1.3129e+03  1.2356e+00  4.6630e-02
  1.3139e+03  1.0572e+00  4.6081e-02
  1.3150e+03  1.0801e+00  4.5024e-02
  1.3160e+03  1.1495e+00  6.3203e-02
  1.3171e+03  1.1540e+00  5.8000e-02
  1.3181e+03  1.0948e+00  7.5345e-02
  1.3192e+03  1.1540e+00  5.0768e-02
  1.3202e+03  9.5614e-01  3.8327e-02
  1.3213e+03  9.7498e-01  6.5733e-02
  1.3223e+03  1.0612e+00  4.2061e-02
  1.3234e+03  1.0418e+00  6.5772e-02
  1.3244e+03  1.0514e+00  4.0938e-02
  1.3255e+03  1.0624e+00  3.2438e-02
  1.3265e+03  1.1798e+00  2.7092e-02
  1.3276e+03  1.0278e+00  4.1994e-02
  1.3286e+03  8.8956e-01  4.5326e-02
  1.3297e+03  9.5561e-01  6.0883e-02
  1.3307e+03  9.1392e-01  5.7250e-02
  1.3318e+03  7.2195e-01  2.5743e-02
  1.3328e+03  6.2787e-01  3.9777e-02
  1.3339e+03  6.3874e-01  6.9885e-02
  1.3349e+03  5.7092e-01  5.6065e-02
  1.3360e+03  6.0030e-01  5.5517e-02
  1.3370e+03  9.4668e-01  5.3969e-02
  1.3381e+03  9.0920e-01  7.5159e-02
  1.3391e+03  9.0696e-01  6.0871e-02
  1.3402e+03  1.0930e+00  6.7745e-02
  1.3412e+03  9.8190e-01  5.4599e-02
  1.3423e+03  1.0159e+00  5.9196e-02
  1.3433e+03  1.1240e+00  6.4234e-02
  1.3444e+03  1.1730e+00  5.2358e-02
  1.3454e+03  1.0365e+00  4.5034e-02
  1.3465e+03  1.0497e+00  5.5428e-02
  1.3475e+03  1.1522e+00  3.9815e-02
  1.3486e+03  1.1440e+00  6.5953e-02
  1.3496e+03  1.0524e+00  5.0067e-02
  1.3507e+03  1.1887e+00  3.8221e-02
  1.3517e+03  1.0471e+00  5.3793e-02
  1.3528e+03  1.1601e+00  5.1841e-02
  1.3538e+03  1.0598e+00  4.2622e-02
  1.3549e+03  1.0603e+00  4.7697e-02
  1.3559e+03  1.0815e+00  3.4742e-02
  1.3570e+03  9.7779e-01  5.9188e-02
  1.3580e+03  1.0787e+00  4.0977e-02
  1.3591e+03  1.2311e+00  8.3363e-02
  1.3602e+03  1.1141e+00  4.5120e-02
  1.3612e+03  1.0750e+00  6.7142e-02
  1.3623e+03  1.1105e+00  7.0004e-02
  1.3633e+03  1.0846e+00  4.7956e-02
  1.3644e+03  1.1900e+00  5.9927e-02
  1.3654e+03  1.2256e+00  5.8233e-02
  1.3665e+03  1.1270e+00  4.8158e-02
  1.3675e+03  1.0756e+00  6.9873e-02
  1.3686e+03  1.1613e+00  8.0797e-02
  1.3696e+03  1.1157e+00  5.2504e-02
  1.3707e+03  9.9880e-01  4.5108e-02
  1.3717e+03  1.0619e+00  7.5232e-02
  1.3728e+03  9.1265e-01  6.8454e-02
  1.3738e+03  9.8983e-01  3.6859e-02
  1.3749e+03  1.0625e+00  3.7345e-02
  1.3759e+03  1.0082e+00  4.6371e-02
  1.3770e+03  1.0832e+00  6.3409e-02
  1.3780e+03  1.0559e+00  4.0085e-02
  1.3791e+03  1.0699e+00  5.8405e-02
  1.3801e+03  9.6888e-01  4.9400e-02
  1.3812e+03  1.1022e+00  5.8032e-02
  1.3822e+03  1.0321e+00  4.4681e-02
  1.3833e+03  1.1139e+00  5.6495e-02
  1.3843e+03  9.7821e-01  6.0435e-02
  1.3854e+03  1.1061e+00  4.5037e-02
  1.3864e+03  9.2387e-01  5.0134e-02
  1.3875e+03  9.5837e-01  5.2897e-02
  1.3885e+03  1.0060e+00  3.8827e-02
  1.3896e+03  8.6511e-01  5.3851e-02
  1.3906e+03  8.2814e-01  4.4305e-02
  1.3917e+03  7.2567e-01  3.7526e-02
  1.3927e+03  8.9847e-01  8.0848e-02
  1.3938e+03  6.8102e-01  5.3262e-02
  1.3948e+03  8.3384e-01  5.6802e-02
  1.3959e+03  8.8536e-01  5.1350e-02
  1.3969e+03  9.0606e-01  6.1953e-02
  1.3980e+03  8.3001e-01  6.1162e-02
  1.3990e+03  8.6504e-01  7.3510e-02
  1.4001e+03  7.7670e-01  2.7882e-02
  1.4011e+03  8.1444e-01  8.2793e-02
  1.4022e+03  9.3212e-01  5.7874e-02
  1.4032e+03  8.0473e-01  6.9755e-02
  1.4043e+03  8.8181e-01  3.3584e-02
  1.4053e+03  1.1197e+00  6.4350e-02
  1.4064e+03  9.7650e-01  3.8561e-02
  1.4074e+03  1.0260e+00  5.6777e-02
  1.4085e+03  1.1734e+00  6.0259e-02
  1.4095e+03  1.0530e+00  5.0989e-02
  1.4106e+03  9.6718e-01  5.2676e-02
  1.4116e+03  1.1483e+00  4.3594e-02
  1.4127e+03  1.0293e+00  7.6870e-02
  1.4137e+03  1.0820e+00  5.6209e-02
  1.4148e+03  9.5006e-01  4.1031e-02
  1.4158e+03  1.1080e+00  5.0865e-02
  1.4169e+03  1.1070e+00  5.3870e-02
  1.4179e+03  1.0446e+00  4.3573e-02
  1.4190e+03  1.0850e+00  4.2122e-02
  1.4200e+03  1.0096e+00  5.3393e-02
  1.4211e+03  1.0736e+00  3.4190e-02
  1.4221e+03  1.0838e+00  4.4860e-02
  1.4232e+03  1.0821e+00  4.0058e-02
  1.4242e+03  1.1662e+00  4.2765e-02
  1.4253e+03  1.1272e+00  3.2593e-02
  1.4263e+03  1.1034e+00  4.9521e-02
  1.4274e+03  9.7842e-01  7.2988e-02
  1.4284e+03  1.0925e+00  6.6881e-02
  1.4295e+03  1.2141e+00  3.4783e-02
  1.4305e+03  1.0364e+00  6.1333e-02
  1.4316e+03  1.0451e+00  3.5739e-02
  1.4326e+03  1.0068e+00  3.4278e-02
  1.4337e+03  1.1068e+00  4.4165e-02
  1.4347e+03  1.0820e+00  5.7535e-02
  1.4358e+03  1.0739e+00  5.1988e-02
  1.4368e+03  1.0836e+00  6.4540e-02
  1.4379e+03  1.1673e+00  5.4165e-02
  1.4389e+03  1.0409e+00  3.4873e-02
  1.4400e+03  1.1637e+00  4.5773e-02
  1.4411e+03  1.0769e+00  4.0765e-02
  1.4421e+03  1.1858e+00  4.6398e-02
  1.4432e+03  9.9690e-01  4.3325e-02
  1.4442e+03  1.1157e+00  5.2222e-02
  1.4453e+03  1.1589e+00  7.5809e-02
  1.4463e+03  1.2326e+00  7.2271e-02
  1.4474e+03  1.0870e+00  5.1305e-02
  1.4484e+03  1.1933e+00  6.5645e-02
  1.4495e+03  1.1098e+00  3.4753e-02
  1.4505e+03  1.1821e+00  4.0992e-02
  1.4516e+03  1.0888e+00  5.0896e-02
  1.4526e+03  1.0693e+00  5.4957e-02
  1.4537e+03  1.0706e+00  4.3959e-02
  1.4547e+03  1.0300e+00  5.2518e-02
  1.4558e+03  1.1179e+00  3.9832e-02
  1.4568e+03  1.1537e+00  4.5022e-02
  1.4579e+03  1.0692e+00  7.4624e-02
  1.4589e+03  1.2321e+00  5.7973e-02
  1.4600e+03  1.0065e+00  3.8204e-02
  1.4610e+03  1.0442e+00  4.6046e-02
  1.4621e+03  1.0070e+00  4.4040e-02
  1.4631e+03  9.4875e-01  3.0484e-02
  1.4642e+03  1.0606e+00  2.8240e-02
  1.4652e+03  9.9213e-01  3.4969e-02
  1.4663e+03  1.0629e+00  5.6915e-02
  1.4673e+03  1.0847e+00  5.5134e-02
  1.4684e+03  1.1638e+00  4.6129e-02
  1.4694e+03  1.1498e+00  4.9688e-02
  1.4705e+03  9.1182e-01  4.7309e-02
  1.4715e+03  1.1047e+00  5.5325e-02
  1.4726e+03  9.7500e-01  3.4004e-02
  1.4736e+03  9.9967e-01  5.6798e-02
  1.4747e+03  1.0931e+00  5.4431e-02
  1.4757e+03  1.0709e+00  6.8112e-02
  1.4768e+03  9.2271e-01  5.2982e-02
  1.4778e+03  1.0822e+00  3.0477e-02
  1.4789e+03  1.1566e+00  9.0877e-02
  1.4799e+03  1.1214e+00  2.2406e-02
  1.4810e+03  1.1654e+00  6.1116e-02
  1.4820e+03  1.2287e+00  6.4173e-02
  1.4831e+03  1.2544e+00  7.8652e-02
  1.4841e+03  1.1793e+00  6.7127e-02
  1.4852e+03  1.2546e+00  7.1316e-02
  1.4862e+03  1.1017e+00  4.5883e-02
  1.4873e+03  1.0771e+00  5.0897e-02
  1.4883e+03  1.2238e+00  3.3882e-02
  1.4894e+03  1.1878e+00  5.5316e-02
  1.4904e+03  1.0977e+00  5.9185e-02
  1.4915e+03  1.0712e+00  4.9883e-02
  1.4925e+03  1.1578e+00  5.2353e-02
  1.4936e+03  9.0738e-01  5.9828e-02
  1.4946e+03  1.1489e+00  3.4019e-02
  1.4957e+03  1.0101e+00  4.2959e-02
  1.4967e+03  1.1282e+00  6.9333e-02
  1.4978e+03  1.1622e+00  6.1327e-02
  1.4988e+03  1.0256e+00  6.3472e-02
  1.4999e+03  1.0641e+00  5.0334e-02
  1.5009e+03  1.0832e+00  4.9227e-02
  1.5020e+03  1.0032e+00  6.2899e-02
  1.5030e+03  1.1794e+00  8.8415e-02
  1.5041e+03  1.0995e+00  4.1750e-02
  1.5051e+03  1.1739e+00  4.2238e-02
  1.5062e+03  1.0219e+00  6.4367e-02
  1.5072e+03  1.2135e+00  6.0923e-02
  1.5083e+03  1.0481e+00  4.4706e-02
  1.5093e+03  1.1850e+00  3.8621e-02
  1.5104e+03  9.6437e-01  6.8490e-02
  1.5114e+03  1.1780e+00  3.9329e-02
  1.5125e+03  1.0840e+00  9.0400e-02
  1.5135e+03  1.0352e+00  5.0359e-02
  1.5146e+03  1.1244e+00  4.4273e-02
  1.5156e+03  1.0969e+00  7.1994e-02
  1.5167e+03  1.2511e+00  6.4645e-02
  1.5177e+03  9.3398e-01  5.5858e-02
  1.5188e+03  1.0507e+00  6.2767e-02
  1.5198e+03  9.6431e-01  5.4932e-02
  1.5209e+03  9.0107e-01  6.3793e-02
  1.5220e+03  9.0360e-01  8.1540e-02
  1.5230e+03  8.2097e-01  5.5322e-02
  1.5241e+03  8.2455e-01  9.9573e-02
  1.5251e+03  7.2714e-01  8.8771e-02
  1.5262e+03  5.4939e-01  4.5565e-02
  1.5272e+03  8.4993e-01  4.8324e-02
  1.5283e+03  6.5569e-01  6.1494e-02
  1.5293e+03  7.2889e-01  6.1158e-02
  1.5304e+03  9.5064e-01  5.8066e-02
  1.5314e+03  8.6640e-01  8.6461e-02
  1.5325e+03  1.0781e+00  6.3659e-02
  1.5335e+03  9.8064e-01  3.8378e-02
  1.5346e+03  8.7903e-01  4.4976e-02
  1.5356e+03  8.7377e-01  5.6730e-02
  1.5367e+03  1.0008e+00  6.8751e-02
  1.5377e+03  1.0809e+00  5.9591e-02
  1.5388e+03  8.5550e-01  6.1545e-02
  1.5398e+03  8.1680e-01  6.2013e-02
  1.5409e+03  8.9087e-01  6.3823e-02
  1.5419e+03  8.0680e-01  8.4555e-02
  1.5430e+03  7.4505e-01  8.0612e-02
  1.5440e+03  7.8108e-01  6.4301e-02
  1.5451e+03  8.3987e-01  5.9461e-02
  1.5461e+03  5.4877e-01  5.6676e-02
  1.5472e+03  5.4854e-01  5.2488e-02
  1.5482e+03  5.4806e-01  7.6930e-02
  1.5493e+03  5.7305e-01  8.6100e-02
  1.5503e+03  7.7660e-01  1.2038e-01
  1.5514e+03  6.1807e-01  7.1799e-02
  1.5524e+03  7.1778e-01  9.9398e-02
  1.5535e+03  1.0806e+00  4.3056e-02
  1.5545e+03  8.6953e-01  7.5694e-02
  1.5556e+03  1.0363e+00  7.1314e-02
  1.5566e+03  8.8635e-01  7.3109e-02
  1.5577e+03  1.1062e+00  5.4346e-02
  1.5587e+03  1.0459e+00  5.2387e-02
  1.5598e+03  9.2731e-01  6.0913e-02
  1.5608e+03  1.0052e+00  4.2848e-02
  1.5619e+03  9.1845e-01  3.8712e-02
  1.5629e+03  1.1226e+00  8.0273e-02
  1.5640e+03  9.9470e-01  6.1140e-02
  1.5650e+03  1.0084e+00  7.5351e-02
  1.5661e+03  8.4361e-01  2.8509e-02
  1.5671e+03  1.0438e+00  5.4635e-02
  1.5682e+03  1.0194e+00  6.6638e-02
  1.5692e+03  8.4973e-01  7.9465e-02
  1.5703e+03  1.0074e+00  7.2645e-02
  1.5713e+03  1.1661e+00  9.1056e-02
  1.5724e+03  1.0731e+00  6.3875e-02
  1.5734e+03  9.4052e-01  7.8268e-02
  1.5745e+03  9.0988e-01  4.3340e-02
  1.5755e+03  1.1952e+00  7.6212e-02
  1.5766e+03  9.8650e-01  5.7978e-02
  1.5776e+03  1.0428e+00  5.8285e-02
  1.5787e+03  9.9289e-01  3.5430e-02
  1.5797e+03  1.1796e+00  8.1187e-02
  1.5808e+03  9.0893e-01  4.5001e-02
  1.5818e+03  9.7231e-01  4.5291e-02
  1.5829e+03  1.0693e+00  3.7035e-02
  1.5839e+03  1.0413e+00  7.4375e-02
  1.5850e+03  1.0125e+00  5.6107e-02
  1.5860e+03  1.2223e+00  4.6455e-02
  1.5871e+03  1.1135e+00  3.9631e-02
  1.5881e+03  1.0711e+00  9.4376e-02
  1.5892e+03  1.0689e+00  7.5253e-02
  1.5902e+03  1.0408e+00  4.3373e-02
  1.5913e+03  9.3561e-01  5.2626e-02
  1.5923e+03  1.1482e+00  8.1949e-02
  1.5934e+03  1.1854e+00  8.3024e-02
  1.5944e+03  9.4577e-01  6.0849e-02
  1.5955e+03  1.0920e+00  7.4662e-02
  1.5965e+03  1.0288e+00  6.0170e-02
  1.5976e+03  1.0255e+00  9.5806e-02
  1.5986e+03  9.3187e-01  5.6500e-02
  1.5997e+03  1.0574e+00  7.5942e-02
  1.6008e+03  9.4660e-01  6.8174e-02
  1.6018e+03  1.0061e+00  4.7376e-02
  1.6029e+03  9.2877e-01  4.4983e-02
  1.6039e+03  1.1256e+00  4.5977e-02
  1.6050e+03  8.8006e-01  6.9147e-02
  1.6060e+03  9.4422e-01  1.0246e-01
  1.6071e+03  9.1054e-01  7.8242e-02
  1.6081e+03  8.4997e-01  7.0115e-02
  1.6092e+03  7.8429e-01  7.6936e-02
  1.6102e+03  7.1817e-01  7.2434e-02
  1.6113e+03  9.1222e-01  6.7607e-02
  1.6123e+03  9.6514e-01  4.4719e-02
  1.6134e+03  8.9824e-01  5.5223e-02
  1.6144e+03  8.9838e-01  6.1584e-02
  1.6155e+03  1.0751e+00  6.8856e-02
  1.6165e+03  1.0732e+00  8.4314e-02
  1.6176e+03  8.5199e-01  7.7433e-02
  1.6186e+03  9.7058e-01  6.8257e-02
  1.6197e+03  9.9252e-01  5.3448e-02
  1.6207e+03  1.1440e+00  8.0690e-02
  1.6218e+03  1.0665e+00  6.3611e-02
  1.6228e+03  8.5718e-01  8.3513e-02
  1.6239e+03  9.8536e-01  7.2228e-02
  1.6249e+03  8.7440e-01  6.4828e-02
  1.6260e+03  9.6008e-01  7.7631e-02
  1.6270e+03  9.5600e-01  7.7978e-02
  1.6281e+03  7.7336e-01  5.9873e-02
  1.6291e+03  9.2553e-01  7.8425e-02
  1.6302e+03  8.7659e-01  9.2675e-02
  1.6312e+03  1.0997e+00  4.8654e-02
  1.6323e+03  1.0935e+00  8.1892e-02
  1.6333e+03  9.4518e-01  6.0420e-02
  1.6344e+03  1.0037e+00  2.7404e-02
  1.6354e+03  1.0654e+00  8.9277e-02
  1.6365e+03  9.1286e-01  8.7844e-02
  1.6375e+03  1.0872e+00  3.0838e-02
  1.6386e+03  8.1079e-01  6.8494e-02
  1.6396e+03  1.0375e+00  6.1541e-02
  1.6407e+03  1.1181e+00  2.6868e-02
  1.6417e+03  1.2730e+00  7.7048e-02
  1.6428e+03  1.0896e+00  5.8376e-02
  1.6438e+03  9.7100e-01  4.4556e-02
  1.6449e+03  1.0833e+00  4.3317e-02
  1.6459e+03  1.2883e+00  7.2564e-02
  1.6470e+03  1.0196e+00  6.1584e-02
  1.6480e+03  9.6476e-01  5.8606e-02
  1.6491e+03  1.0843e+00  4.8652e-02
  1.6501e+03  8.0030e-01  7.0915e-02
  1.6512e+03  1.0514e+00  4.8414e-02
  1.6522e+03  9.3832e-01  7.5034e-02
  1.6533e+03  1.0801e+00  4.5662e-02
  1.6543e+03  1.0904e+00  8.1190e-02
  1.6554e+03  1.1056e+00  6.7172e-02
  1.6564e+03  1.1487e+00  7.8858e-02
  1.6575e+03  9.7269e-01  4.2152e-02
  1.6585e+03  8.1608e-01  8.4548e-02
  1.6596e+03  8.8729e-01  4.1204e-02
  1.6606e+03  1.0633e+00  5.6958e-02
  1.6617e+03  8.8573e-01  6.3288e-02
  1.6627e+03  1.0282e+00  7.9880e-02
  1.6638e+03  1.1377e+00  5.2080e-02
  1.6648e+03  9.1763e-01  8.3874e-02
  1.6659e+03  1.0051e+00  6.8863e-02
  1.6669e+03  7.9857e-01  8.7374e-02
  1.6680e+03  9.0522e-01  8.1998e-02
  1.6690e+03  9.4981e-01  6.3220e-02
  1.6701e+03  6.8329e-01  1.1578e-01
  1.6711e+03  5.6634e-01  7.7645e-02
  1.6722e+03  5.2918e-01  4.6318e-02
  1.6732e+03  5.7740e-01  4.1306e-02
  1.6743e+03  8.2387e-01  6.0511e-02
  1.6753e+03  8.8729e-01  5.5687e-02
  1.6764e+03  9.5841e-01  7.3683e-02
  1.6774e+03  9.8485e-01  6.2829e-02
  1.6785e+03  1.0273e+00  6.0266e-02
  1.6795e+03  1.1511e+00  1.0048e-01
  1.6806e+03  1.0039e+00  5.7276e-02
  1.6817e+03  1.0764e+00  8.7971e-02
  1.6827e+03  1.0375e+00  1.0118e-01
  1.6838e+03  1.0223e+00  6.5976e-02
  1.6848e+03  9.7667e-01  4.8593e-02
  1.6859e+03  1.0509e+00  7.9668e-02
  1.6869e+03  9.3949e-01  3.2318e-02
  1.6880e+03  9.9329e-01  8.3789e-02
  1.6890e+03  9.1715e-01  4.4710e-02
  1.6901e+03  1.0069e+00  7.7073e-02
  1.6911e+03  8.5423e-01  5.8727e-02
  1.6922e+03  8.9234e-01  4.5489e-02
  1.6932e+03  1.0512e+00  5.6944e-02
  1.6943e+03  8.1022e-01  6.8887e-02
  1.6953e+03  9.6354e-01  4.7182e-02
  1.6964e+03  9.4437e-01  6.8428e-02
  1.6974e+03  9.3371e-01  1.4724e-01
  1.6985e+03  8.2181e-01  9.3073e-02
  1.6995e+03  9.7049e-01  6.7198e-02
  1.7006e+03  8.5166e-01  9.5079e-02
  1.7016e+03  1.0923e+00  8.2898e-02
  1.7027e+03  9.0735e-01  8.4422e-02
  1.7037e+03  8.8395e-01  6.3688e-02
  1.7048e+03  7.5873e-01  5.2853e-02
  1.7058e+03  1.0366e+00  5.9119e-02
  1.7069e+03  9.4204e-01  7.0649e-02
  1.7079e+03  9.8014e-01  6.3133e-02
  1.7090e+03  7.6368e-01  2.8193e-02
  1.7100e+03  1.0323e+00  9.4280e-02
  1.7111e+03  1.0492e+00  4.7131e-02
  1.7121e+03  7.4524e-01  9.6287e-02
  1.7132e+03  1.0059e+00  7.7118e-02
  1.7142e+03  8.4932e-01  8.6051e-02
  1.7153e+03  9.6120e-01  4.0053e-02
  1.7163e+03  8.4339e-01  5.3957e-02
  1.7174e+03  9.7019e-01  4.2703e-02
  1.7184e+03  9.3728e-01  8.1560e-02
  1.7195e+03  9.8316e-01  6.3902e-02
  1.7205e+03  8.5211e-01  1.1159e-01
  1.7216e+03  7.5154e-01  1.2715e-01
  1.7226e+03  1.0231e+00  9.3445e-02
  1.7237e+03  1.0115e+00  9.5440e-02
  1.7247e+03  1.1815e+00  9.8289e-02
  1.7258e+03  9.9194e-01  1.1360e-01
  1.7268e+03  1.0010e+00  1.6813e-01
  1.7279e+03  1.1295e+00  6.7075e-02
  1.7289e+03  1.1437e+00  1.3904e-01
  1.7300e+03  1.1938e+00  8.7142e-02
  1.7310e+03  9.4499e-01  1.1050e-01
  1.7321e+03  9.8972e-01  7.5697e-02
  1.7331e+03  1.0179e+00  5.6121e-02
  1.7342e+03  1.1927e+00  9.9122e-02
  1.7352e+03  1.1895e+00  1.0054e-01
  1.7363e+03  1.1919e+00  1.1490e-01
  1.7373e+03  9.8095e-01  6.6969e-02
  1.7384e+03  1.0869e+00  1.0205e-01
  1.7394e+03  1.0598e+00  7.0204e-02
  1.7405e+03  9.3354e-01  6.7129e-02
  1.7415e+03  1.1220e+00  3.2929e-02
  1.7426e+03  9.8696e-01  1.5882e-01
  1.7436e+03  9.9127e-01  4.7494e-02
  1.7447e+03  1.0378e+00  5.2455e-02
  1.7457e+03  1.1439e+00  7.1097e-02
  1.7468e+03  9.9945e-01  7.8605e-02
  1.7478e+03  8.5973e-01  1.0403e-01
  1.7489e+03  8.3761e-01  1.1988e-01
  1.7499e+03  1.2504e+00  1.5674e-01
  1.7510e+03  6.9888e-01  7.3485e-02
  1.7520e+03  8.0734e-01  4.5698e-02
  1.7531e+03  7.9016e-01  7.4351e-02
  1.7541e+03  1.0867e+00  5.4856e-02
  1.7552e+03  8.6339e-01  8.2323e-02
  1.7562e+03  9.5947e-01  1.0579e-01
  1.7573e+03  1.1114e+00  8.3969e-02
  1.7583e+03  1.0477e+00  6.2147e-02
  1.7594e+03  9.4246e-01  1.4836e-01
  1.7605e+03  8.1595e-01  6.4713e-02
  1.7615e+03  1.0396e+00  8.0909e-02
  1.7626e+03  9.5105e-01  7.8647e-02
  1.7636e+03  1.0543e+00  9.0951e-02
  1.7647e+03  9.8078e-01  1.1514e-01
  1.7657e+03  7.8963e-01  1.1563e-01
  1.7668e+03  9.4331e-01  6.1402e-02
  1.7678e+03  7.3279e-01  7.5805e-02
  1.7689e+03  8.4741e-01  6.9847e-02
  1.7699e+03  9.5818e-01  6.1089e-02
  1.7710e+03  1.0671e+00  7.3032e-02
  1.7720e+03  6.1762e-01  8.5075e-02
  1.7731e+03  9.4903e-01  1.0727e-01
  1.7741e+03  9.2627e-01  9.6339e-02
  1.7752e+03  8.4375e-01  5.8560e-02
  1.7762e+03  8.6639e-01  8.9601e-02
  1.7773e+03  1.1294e+00  1.5904e-01
  1.7783e+03  1.1372e+00  7.2404e-02
  1.7794e+03  1.0274e+00  3.1058e-02
  1.7804e+03  9.0007e-01  5.5748e-02
  1.7815e+03  1.1902e+00  1.5119e-01
  1.7825e+03  9.4655e-01  9.7520e-02
  1.7836e+03  1.0649e+00  9.9231e-02
  1.7846e+03  7.8571e-01  8.3476e-02
  1.7857e+03  9.7253e-01  1.4128e-01
  1.7867e+03  8.5729e-01  9.2102e-02
  1.7878e+03  9.5710e-01  9.2964e-02
  1.7888e+03  1.0145e+00  8.2633e-02
  1.7899e+03  1.0027e+00  1.1180e-01
  1.7909e+03  1.0956e+00  5.7630e-02
  1.7920e+03  7.7057e-01  4.5525e-02
  1.7930e+03  1.1424e+00  6.4220e-02
  1.7941e+03  8.0605e-01  9.2053e-02
  1.7951e+03  9.9684e-01  3.7440e-02
  1.7962e+03  8.8978e-01  8.9225e-02
  1.7972e+03  1.0444e+00  9.5469e-02
  1.7983e+03  8.1774e-01  9.6886e-02
  1.7993e+03  8.2161e-01  5.1640e-02
  1.8004e+03  8.9840e-01  1.0948e-01
  1.8014e+03  1.0226e+00  9.9392e-02
  1.8025e+03  9.5331e-01  5.8817e-02
  1.8035e+03  9.2635e-01  1.2342e-01
  1.8046e+03  9.1915e-01  8.3189e-02
  1.8056e+03  8.2460e-01  9.1303e-02
  1.8067e+03  9.6396e-01  1.4271e-01
  1.8077e+03  9.4769e-01  1.3646e-01
  1.8088e+03  9.8001e-01  1.2130e-01
  1.8098e+03  7.0581e-01  1.4638e-01
  1.8109e+03  8.3181e-01  1.0057e-01
  1.8119e+03  9.2257e-01  2.3301e-01
  1.8130e+03  8.3161e-01  9.0403e-02
  1.8140e+03  1.0388e+00  5.8057e-02
  1.8151e+03  1.3726e+00  2.5371e-01
  1.8161e+03  9.3861e-01  1.6118e-01
  1.8172e+03  1.1299e+00  1.1412e-01
  1.8182e+03  1.0203e+00  9.3135e-02
  1.8193e+03  1.2157e+00  9.4982e-02
  1.8203e+03  8.1208e-01  6.2110e-02
  1.8214e+03  1.0623e+00  5.4576e-02
  1.8224e+03  1.3058e+00  1.4514e-01
  1.8235e+03  8.2472e-01  5.1620e-02
  1.8245e+03  1.0638e+00  8.7683e-02
  1.8256e+03  8.5078e-01  8.0368e-02
  1.8266e+03  1.0190e+00  1.3099e-01
  1.8277e+03  1.0075e+00  9.5827e-02
  1.8287e+03  1.0175e+00  9.6132e-02
  1.8298e+03  8.8920e-01  1.7455e-01
  1.8308e+03  1.0163e+00  9.3042e-02
  1.8319e+03  8.2570e-01  1.3971e-01
  1.8329e+03  9.8620e-01  8.8978e-02
  1.8340e+03  1.0179e+00  6.8725e-02
  1.8350e+03  1.1002e+00  1.3831e-01
  1.8361e+03  9.2157e-01  1.2240e-01
  1.8371e+03  8.0851e-01  1.1124e-01
  1.8382e+03  1.0405e+00  1.2074e-01
  1.8392e+03  8.3152e-01  8.0409e-02
  1.8403e+03  1.1104e+00  1.5244e-01
  1.8414e+03  8.3011e-01  1.5614e-01
  1.8424e+03  1.2520e+00  1.5485e-01
  1.8435e+03  1.1529e+00  7.1345e-02
  1.8445e+03  8.3393e-01  4.9545e-02
  1.8456e+03  8.0094e-01  9.1774e-02
  1.8466e+03  8.4573e-01  8.7241e-02
  1.8477e+03  6.9808e-01  1.0774e-01
  1.8487e+03  1.0323e+00  1.5049e-01
  1.8498e+03  9.8024e-01  6.9387e-02
  1.8508e+03  9.8847e-01  1.2726e-01
  1.8519e+03  4.3860e-01  8.1749e-02
  1.8529e+03  7.9485e-01  1.3009e-01
  1.8540e+03  9.4613e-01  1.3719e-01
  1.8550e+03  7.2801e-01  6.5247e-02
  1.8561e+03  7.1759e-01  1.0722e-01
  1.8571e+03  6.8239e-01  1.0845e-01
  1.8582e+03  8.3364e-01  9.6340e-02
  1.8592e+03  5.6937e-01  7.7940e-02
  1.8603e+03  6.6072e-01  7.7116e-02
  1.8613e+03  7.3889e-01  1.0352e-01
  1.8624e+03  7.5966e-01  6.2702e-02
  1.8634e+03  8.2967e-01  9.2498e-02
  1.8645e+03  7.5120e-01  1.7067e-01
  1.8655e+03  7.7564e-01  6.8238e-02
  1.8666e+03  9.2551e-01  1.1400e-01
  1.8676e+03  8.7917e-01  1.1737e-01
  1.8687e+03  9.7616e-01  1.4451e-01
  1.8697e+03  1.0152e+00  9.2163e-02
  1.8708e+03  9.8744e-01  4.5503e-02
  1.8718e+03  8.1705e-01  8.3375e-02
  1.8729e+03  7.7866e-01  1.8174e-01
  1.8739e+03  7.0566e-01  7.9659e-02
  1.8750e+03  8.7208e-01  1.2427e-01
  1.8760e+03  9.0340e-01  1.2319e-01
  1.8771e+03  1.0117e+00  9.9396e-02
  1.8781e+03  9.4522e-01  1.0578e-01
  1.8792e+03  8.4432e-01  1.1955e-01
  1.8802e+03  9.8530e-01  8.0427e-02
  1.8813e+03  1.0392e+00  1.8966e-01
  1.8823e+03  8.1891e-01  9.5072e-02
  1.8834e+03  9.0864e-01  1.6000e-01
  1.8844e+03  8.6055e-01  1.7287e-01
  1.8855e+03  9.6239e-01  4.4546e-02
  1.8865e+03  1.0274e+00  1.7531e-01
  1.8876e+03  8.1147e-01  6.6944e-02
  1.8886e+03  1.0377e+00  2.0945e-01
  1.8897e+03  7.2266e-01  1.0051e-01
  1.8907e+03  9.3180e-01  7.5931e-02
  1.8918e+03  8.9618e-01  1.2737e-01
  1.8928e+03  6.6354e-01  1.0794e-01
  1.8939e+03  7.8500e-01  6.7108e-02
  1.8949e+03  7.1916e-01  7.2748e-02
  1.8960e+03  8.4197e-01  1.9280e-02
  1.8970e+03  6.8605e-01  6.2548e-02
  1.8981e+03  9.7319e-01  8.2789e-02
  1.8991e+03  9.1214e-01  4.7904e-02
  1.9002e+03  7.6321e-01  1.2875e-01
  1.9012e+03  8.0845e-01  9.3980e-02
  1.9023e+03  9.1869e-01  1.0257e-01
  1.9033e+03  6.5914e-01  1.9362e-01
  1.9044e+03  1.0520e+00  1.5005e-01
  1.9054e+03  5.8751e-01  1.7670e-01
  1.9065e+03  1.1455e+00  1.0069e-01
  1.9075e+03  1.1036e+00  1.7301e-01
  1.9086e+03  1.1343e+00  3.4435e-02
  1.9096e+03  9.3084e-01  1.1593e-01
  1.9107e+03  1.0071e+00  6.7872e-02
  1.9117e+03  1.0097e+00  1.1048e-01
  1.9128e+03  1.0672e+00  9.5904e-02
  1.9138e+03  8.4620e-01  7.8836e-02
  1.9149e+03  1.0086e+00  2.1057e-01
  1.9159e+03  8.4712e-01  1.0154e-01
  1.9170e+03  7.1758e-01  4.7978e-02
  1.9180e+03  1.1550e+00  3.5455e-02
  1.9191e+03  1.1725e+00  1.6180e-01
  1.9202e+03  8.8510e-01  6.2334e-02
  1.9212e+03  1.0219e+00  1.1125e-01
  1.9223e+03  9.0149e-01  9.3785e-02
  1.9233e+03  8.7839e-01  7.9620e-02
  1.9244e+03  9.1512e-01  1.0973e-01
  1.9254e+03  8.7752e-01  8.3974e-02
  1.9265e+03  8.9399e-01  8.5943e-02
  1.9275e+03  8.0875e-01  1.1282e-01
  1.9286e+03  5.9744e-01  1.1485e-01
  1.9296e+03  8.9245e-01  1.3279e-01
  1.9307e+03  7.9990e-01  1.0850e-01
  1.9317e+03  3.1548e-01  1.0834e-01
  1.9328e+03  9.3168e-01  1.7253e-01
  1.9338e+03  6.6541e-01  6.2370e-02
  1.9349e+03  9.4366e-01  9.6030e-02
  1.9359e+03  1.0137e+00  8.4928e-02
  1.9370e+03  8.3472e-01  1.3089e-01
  1.9380e+03  9.6367e-01  2.2926e-01
  1.9391e+03  9.8765e-01  1.2574e-01
  1.9401e+03  8.1380e-01  1.3172e-01
  1.9412e+03  8.2493e-01  2.8723e-01
  1.9422e+03  8.7558e-01  1.0356e-01
  1.9433e+03  1.1059e+00  1.1893e-01
  1.9443e+03  1.2859e+00  2.9733e-01
  1.9454e+03  1.0650e+00  2.0400e-01
  1.9464e+03  8.4584e-01  2.2466e-01
  1.9475e+03  9.1086e-01  1.2600e-01
  1.9485e+03  1.0646e+00  9.2747e-02
  1.9496e+03  7.4594e-01  1.9755e-01
  1.9506e+03  8.4853e-01  1.1665e-01
  1.9517e+03  7.1294e-01  1.0600e-01
  1.9527e+03  9.1339e-01  1.2078e-01
  1.9538e+03  1.0602e+00  2.8811e-01
  1.9548e+03  9.0208e-01  2.1937e-01
  1.9559e+03  7.4017e-01  2.0669e-01
  1.9569e+03  6.4926e-01  3.9699e-01
  1.9580e+03  9.3726e-01  1.6918e-01
  1.9590e+03  9.8059e-01  1.8393e-02
  1.9601e+03  7.0362e-01  4.0365e-02
  1.9611e+03  7.9757e-01  1.7487e-01
  1.9622e+03  8.6264e-01  3.6007e-02
  1.9632e+03  9.9831e-01  1.2576e-01
  1.9643e+03  8.9893e-01  1.3859e-01
  1.9653e+03  8.8717e-01  1.1039e-01
  1.9664e+03  9.5141e-01  1.7232e-01
  1.9674e+03  1.1545e+00  2.6618e-01
  1.9685e+03  7.6139e-01  9.9236e-02
  1.9695e+03  9.3675e-01  1.7545e-01
  1.9706e+03  7.1219e-01  1.3729e-01
  1.9716e+03  1.1629e+00  2.2159e-01
  1.9727e+03  7.7882e-01  2.0540e-01
  1.9737e+03  8.4901e-01  6.8735e-02
  1.9748e+03  1.0329e+00  2.5555e-01
  1.9758e+03  1.1333e+00  5.6824e-01
  1.9769e+03  1.0260e+00  2.0825e-01
  1.9779e+03  9.6772e-01  1.0920e-01
  1.9790e+03  1.0800e+00  1.7634e-01
  1.9800e+03  1.0813e+00  2.0392e-01
  1.9811e+03  8.6245e-01  2.1934e-01
  1.9821e+03  8.0523e-01  2.4617e-02
  1.9832e+03  1.3243e+00  2.4942e-01
  1.9842e+03  8.9126e-01  2.0780e-01
  1.9853e+03  8.4516e-01  1.4619e-01
  1.9863e+03  1.1334e+00  1.9513e-01
  1.9874e+03  8.9482e-01  1.9299e-01
  1.9884e+03  6.4014e-01  7.0996e-02
  1.9895e+03  8.8514e-01  2.5313e-01
  1.9905e+03  5.1398e-01  1.8421e-01
  1.9916e+03  9.1013e-01  1.3638e-01
  1.9926e+03  7.0559e-01  2.2385e-02
  1.9937e+03  8.3593e-01  1.3162e-01
  1.9947e+03  7.8824e-01  1.5876e-01
  1.9958e+03  7.7188e-01  1.2110e-01
  1.9968e+03  4.4338e-01  9.7657e-03
  1.9979e+03  7.9732e-01  1.4185e-01
