wave flux error
  8.8000e+02  4.2944e-01  6.9537e-02
  8.8105e+02 -6.4409e-02  9.9456e-02
  8.8210e+02  1.4170e-01  1.1578e-01
  8.8315e+02  7.4231e-02  1.5140e-01
  8.8420e+02  3.4599e-01  1.0529e-01
  8.8525e+02  1.3381e-01  6.4376e-02
  8.8630e+02  4.6145e-01  1.1394e-01
  8.8735e+02 -1.3114e-02  9.6470e-02
  8.8841e+02  4.0691e-01  8.0087e-02
  8.8946e+02  1.2249e-01  1.2160e-01
  8.9051e+02  1.4337e-01  8.2639e-02
  8.9156e+02  1.5189e-01  1.4393e-01
  8.9261e+02 -2.1973e-01  1.0851e-01
  8.9366e+02  7.8748e-02  1.0346e-01
  8.9471e+02  1.5363e-01  1.2027e-01
  8.9576e+02  4.6194e-01  6.7355e-02
  8.9681e+02  2.8653e-01  9.5043e-02
  8.9786e+02  2.0425e-01  8.6029e-02
  8.9891e+02  3.4564e-01  5.4135e-02
  8.9996e+02 -3.0640e-02  5.9520e-02
  9.0101e+02  9.9719e-02  4.3699e-02
  9.0206e+02 -1.2065e-01  1.1919e-01
  9.0311e+02 -2.5346e-02  7.8630e-02
  9.0417e+02  2.4157e-01  1.3044e-01
  9.0522e+02  3.9169e-01  9.5119e-02
  9.0627e+02  3.3749e-01  1.4058e-01
  9.0732e+02 -2.8787e-02  1.2741e-01
  9.0837e+02 -3.9692e-02  7.3220e-02
  9.0942e+02  1.3447e-01  6.0643e-02
  9.1047e+02  1.1000e-01  1.0240e-01
  9.1152e+02  2.5887e-01  1.3932e-01
  9.1257e+02  1.0483e-01  1.3439e-01
  9.1362e+02  1.7514e-02  9.0266e-02
  9.1467e+02 -5.9414e-03  1.2559e-01
  9.1572e+02  1.3670e-01  8.3926e-02
  9.1677e+02  1.5975e-01  7.8699e-02
  9.1782e+02  3.9096e-01  1.9127e-01
  9.1887e+02  2.0430e-01  1.1163e-01
  9.1992e+02  3.4323e-01  4.8791e-02
  9.2098e+02  5.3980e-01  1.2486e-01
  9.2203e+02  2.0160e-01  7.8181e-02
  9.2308e+02  3.9457e-01  6.3752e-02
  9.2413e+02  2.3854e-01  5.9768e-02
  9.2518e+02  2.6326e-01  5.4808e-02
  9.2623e+02  3.4662e-01  8.8169e-02
  9.2728e+02  3.1504e-01  1.0756e-01
  9.2833e+02  1.3875e-01  8.6142e-02
  9.2938e+02  2.1222e-01  9.0065e-02
  9.3043e+02  2.7508e-01  7.5199e-02
  9.3148e+02  4.0825e-01  7.6920e-02
  9.3253e+02  2.4921e-01  6.7266e-02
  9.3358e+02  5.1026e-01  6.6267e-02
  9.3463e+02  4.4894e-01  8.8908e-02
  9.3568e+02  3.6651e-01  5.7000e-02
  9.3674e+02  3.1502e-01  1.2061e-01
  9.3779e+02  4.5597e-01  6.4214e-02
  9.3884e+02  3.4795e-01  8.9928e-02
  9.3989e+02  4.6885e-01  8.6510e-02
  9.4094e+02  8.1728e-02  5.7345e-02
  9.4199e+02  3.4451e-01  7.3046e-02
  9.4304e+02  5.7765e-01  6.6766e-02
  9.4409e+02  4.2023e-01  6.3156e-02
  9.4514e+02  1.2099e-01  6.0662e-02
  9.4619e+02  1.3465e-02  5.8145e-02
  9.4724e+02  2.8658e-01  3.9350e-02
  9.4829e+02  2.0525e-01  6.6791e-02
  9.4934e+02  3.2406e-01  4.2731e-02
  9.5039e+02  3.3603e-01  5.6432e-02
  9.5144e+02  4.3378e-01  7.0517e-02
  9.5250e+02  3.9577e-01  9.1281e-02
  9.5355e+02  3.1900e-01  1.1770e-01
  9.5460e+02  2.4592e-01  9.4783e-02
  9.5565e+02  2.4292e-01  7.1427e-02
  9.5670e+02  4.7853e-01  3.7350e-02
  9.5775e+02  3.6383e-01  6.3912e-02
  9.5880e+02  6.1977e-01  7.7088e-02
  9.5985e+02  4.6386e-01  6.9394e-02
  9.6090e+02  3.1532e-01  6.1439e-02
  9.6195e+02  3.9676e-01  4.9851e-02
  9.6300e+02  5.0515e-01  6.3900e-02
  9.6405e+02  4.5007e-01  7.9780e-02
  9.6510e+02  3.8794e-01  7.6523e-02
  9.6615e+02  3.4107e-01  5.7013e-02
  9.6720e+02  4.1587e-01  4.9654e-02
  9.6826e+02  2.6485e-01  9.3854e-02
  9.6931e+02  3.0890e-01  7.4856e-02
  9.7036e+02  3.4246e-01  5.8947e-02
  9.7141e+02  2.5505e-01  6.3234e-02
  9.7246e+02  4.4301e-01  7.3299e-02
  9.7351e+02  1.6884e-01  6.3811e-02
  9.7456e+02  1.4826e-01  4.2399e-02
  9.7561e+02  2.3050e-01  5.2372e-02
  9.7666e+02  4.3741e-01  5.6017e-02
  9.7771e+02  3.1131e-01  5.7418e-02
  9.7876e+02  4.1514e-01  4.6173e-02
  9.7981e+02  6.4801e-01  6.0271e-02
  9.8086e+02  6.0689e-01  4.4545e-02
  9.8191e+02  4.6147e-01  5.0117e-02
  9.8296e+02  4.2984e-01  6.3394e-02
  9.8402e+02  3.3624e-01  5.4065e-02
  9.8507e+02  4.3661e-01  6.0175e-02
  9.8612e+02  4.0208e-01  5.0300e-02
  9.8717e+02  3.8274e-01  4.9992e-02
  9.8822e+02  3.3765e-01  6.4016e-02
  9.8927e+02  3.3346e-01  4.1135e-02
  9.9032e+02  4.4256e-01  4.8309e-02
  9.9137e+02  4.6022e-01  7.0760e-02
  9.9242e+02  4.7968e-01  4.4013e-02
  9.9347e+02  3.9419e-01  4.4428e-02
  9.9452e+02  3.4146e-01  3.5249e-02
  9.9557e+02  5.4695e-01  3.3485e-02
  9.9662e+02  6.2224e-01  5.3464e-02
  9.9767e+02  7.2335e-01  4.3245e-02
  9.9872e+02  5.2647e-01  4.9943e-02
  9.9977e+02  4.0769e-01  4.2011e-02
  1.0008e+03  4.8147e-01  5.1309e-02
  1.0019e+03  5.3148e-01  4.6937e-02
  1.0029e+03  4.0376e-01  3.3930e-02
  1.0040e+03  5.6016e-01  5.2034e-02
  1.0050e+03  5.4355e-01  4.4169e-02
  1.0061e+03  3.9951e-01  3.8996e-02
  1.0071e+03  6.5141e-01  4.3545e-02
  1.0082e+03  5.6183e-01  3.7155e-02
  1.0092e+03  4.1328e-01  3.8385e-02
  1.0103e+03  4.1029e-01  3.5717e-02
  1.0113e+03  4.6052e-01  7.5785e-02
  1.0124e+03  5.7891e-01  6.0486e-02
  1.0134e+03  4.4743e-01  5.4921e-02
  1.0145e+03  4.2752e-01  3.8123e-02
  1.0155e+03  5.6819e-01  5.7788e-02
  1.0166e+03  4.9588e-01  5.2400e-02
  1.0176e+03  3.9764e-01  4.9307e-02
  1.0187e+03  4.6103e-01  4.1748e-02
  1.0197e+03  4.7186e-01  4.4194e-02
  1.0208e+03  3.7565e-01  4.9830e-02
  1.0218e+03  3.1325e-01  5.0814e-02
  1.0229e+03  3.4552e-01  6.6517e-02
  1.0239e+03  3.8992e-01  5.5660e-02
  1.0250e+03  3.2153e-01  4.8653e-02
  1.0260e+03  2.9718e-01  6.2166e-02
  1.0271e+03  4.6446e-01  3.5877e-02
  1.0281e+03  4.3480e-01  6.7345e-02
  1.0292e+03  4.0349e-01  4.7950e-02
  1.0302e+03  4.0146e-01  4.2342e-02
  1.0313e+03  5.5816e-01  5.3794e-02
  1.0323e+03  4.7053e-01  3.8364e-02
  1.0334e+03  4.5937e-01  4.5546e-02
  1.0344e+03  5.5042e-01  6.4942e-02
  1.0355e+03  5.0609e-01  5.0273e-02
  1.0365e+03  5.8708e-01  4.4158e-02
  1.0376e+03  4.6907e-01  4.7256e-02
  1.0386e+03  6.4693e-01  5.3797e-02
  1.0397e+03  6.5946e-01  5.1673e-02
  1.0408e+03  6.5776e-01  4.7223e-02
  1.0418e+03  6.6289e-01  4.8193e-02
  1.0429e+03  7.2063e-01  4.4353e-02
  1.0439e+03  8.2217e-01  3.5923e-02
  1.0450e+03  6.5965e-01  5.5100e-02
  1.0460e+03  7.5431e-01  6.4418e-02
  1.0471e+03  7.3127e-01  5.1907e-02
  1.0481e+03  7.2646e-01  3.9225e-02
  1.0492e+03  5.8013e-01  4.7280e-02
  1.0502e+03  7.9955e-01  4.5084e-02
  1.0513e+03  7.0487e-01  5.3352e-02
  1.0523e+03  6.1181e-01  4.2676e-02
  1.0534e+03  6.0051e-01  4.4558e-02
  1.0544e+03  6.5755e-01  4.7490e-02
  1.0555e+03  7.5291e-01  3.0213e-02
  1.0565e+03  6.8531e-01  4.2384e-02
  1.0576e+03  6.6359e-01  3.4843e-02
  1.0586e+03  5.7952e-01  3.8476e-02
  1.0597e+03  7.8863e-01  3.7532e-02
  1.0607e+03  6.3715e-01  3.6436e-02
  1.0618e+03  6.4606e-01  4.2486e-02
  1.0628e+03  4.8332e-01  4.9275e-02
  1.0639e+03  5.5975e-01  4.3537e-02
  1.0649e+03  5.0197e-01  4.0635e-02
  1.0660e+03  6.8445e-01  4.7744e-02
  1.0670e+03  7.6358e-01  3.3755e-02
  1.0681e+03  5.7019e-01  4.8516e-02
  1.0691e+03  6.7992e-01  4.5522e-02
  1.0702e+03  5.3813e-01  4.0351e-02
  1.0712e+03  6.9318e-01  4.3848e-02
  1.0723e+03  6.6470e-01  3.3895e-02
  1.0733e+03  6.3245e-01  4.4617e-02
  1.0744e+03  5.9838e-01  5.3322e-02
  1.0754e+03  6.7394e-01  3.5423e-02
  1.0765e+03  6.5629e-01  4.7529e-02
  1.0775e+03  6.5938e-01  4.6399e-02
  1.0786e+03  5.2205e-01  5.0613e-02
  1.0796e+03  6.0856e-01  4.1283e-02
  1.0807e+03  5.0531e-01  3.2718e-02
  1.0817e+03  4.5006e-01  5.3587e-02
  1.0828e+03  5.9066e-01  4.6051e-02
  1.0838e+03  5.1853e-01  4.0487e-02
  1.0849e+03  6.3004e-01  3.7147e-02
  1.0859e+03  7.4698e-01  3.3197e-02
  1.0870e+03  5.8595e-01  3.7340e-02
  1.0880e+03  7.1978e-01  3.9102e-02
  1.0891e+03  7.3662e-01  4.2228e-02
  1.0901e+03  6.6612e-01  5.0912e-02
  1.0912e+03  6.4959e-01  4.4474e-02
  1.0922e+03  7.0141e-01  4.0370e-02
  1.0933e+03  6.4528e-01  3.3206e-02
  1.0943e+03  7.1185e-01  2.8745e-02
  1.0954e+03  5.3802e-01  5.0902e-02
  1.0964e+03  5.9709e-01  3.8262e-02
  1.0975e+03  6.4036e-01  4.7529e-02
  1.0985e+03  6.8218e-01  3.9223e-02
  1.0996e+03  6.7280e-01  4.2553e-02
  1.1006e+03  6.4247e-01  5.1364e-02
  1.1017e+03  8.6590e-01  3.0327e-02
  1.1027e+03  6.4140e-01  5.2328e-02
  1.1038e+03  6.4824e-01  3.5317e-02
  1.1048e+03  6.8237e-01  2.5855e-02
  1.1059e+03  6.8733e-01  3.7137e-02
  1.1069e+03  7.2861e-01  4.2887e-02
  1.1080e+03  5.8452e-01  3.3139e-02
  1.1090e+03  6.6495e-01  4.0522e-02
  1.1101e+03  5.6412e-01  3.6021e-02
  1.1111e+03  6.9623e-01  4.4015e-02
  1.1122e+03  6.9845e-01  4.6660e-02
  1.1132e+03  7.1030e-01  3.7273e-02
  1.1143e+03  7.7390e-01  4.0641e-02
  1.1153e+03  7.1873e-01  3.2586e-02
  1.1164e+03  7.0067e-01  3.2581e-02
  1.1174e+03  6.3221e-01  4.0537e-02
  1.1185e+03  7.1545e-01  4.8906e-02
  1.1195e+03  7.0339e-01  3.6824e-02
  1.1206e+03  6.0156e-01  2.3512e-02
  1.1217e+03  6.7666e-01  2.7920e-02
  1.1227e+03  6.5384e-01  3.0433e-02
  1.1238e+03  7.2677e-01  3.6381e-02
  1.1248e+03  6.8242e-01  4.5180e-02
  1.1259e+03  6.6270e-01  4.2922e-02
  1.1269e+03  5.9651e-01  3.8420e-02
  1.1280e+03  6.6673e-01  3.8670e-02
  1.1290e+03  5.9457e-01  3.0522e-02
  1.1301e+03  6.6955e-01  3.8388e-02
  1.1311e+03  5.4632e-01  3.6336e-02
  1.1322e+03  6.3380e-01  4.6508e-02
  1.1332e+03  7.0583e-01  3.8109e-02
  1.1343e+03  6.7611e-01  3.4592e-02
  1.1353e+03  7.1104e-01  4.3711e-02
  1.1364e+03  6.7394e-01  3.3121e-02
  1.1374e+03  7.6892e-01  3.4061e-02
  1.1385e+03  6.3347e-01  3.2334e-02
  1.1395e+03  6.2000e-01  3.4138e-02
  1.1406e+03  7.8263e-01  3.2618e-02
  1.1416e+03  7.2717e-01  4.0230e-02
  1.1427e+03  6.9699e-01  4.9546e-02
  1.1437e+03  7.0293e-01  3.4086e-02
  1.1448e+03  8.5769e-01  3.4910e-02
  1.1458e+03  7.2333e-01  5.1647e-02
  1.1469e+03  6.4682e-01  3.8213e-02
  1.1479e+03  7.8514e-01  3.3346e-02
  1.1490e+03  8.2408e-01  2.6791e-02
  1.1500e+03  6.2239e-01  4.0627e-02
  1.1511e+03  7.1993e-01  3.3233e-02
  1.1521e+03  7.1506e-01  3.7354e-02
  1.1532e+03  6.6652e-01  2.8114e-02
  1.1542e+03  7.2851e-01  3.9867e-02
  1.1553e+03  7.8509e-01  3.2381e-02
  1.1563e+03  7.2457e-01  3.0689e-02
  1.1574e+03  6.8818e-01  3.2497e-02
  1.1584e+03  6.8516e-01  4.2103e-02
  1.1595e+03  5.7657e-01  3.4313e-02
  1.1605e+03  7.0892e-01  4.9378e-02
  1.1616e+03  7.8199e-01  3.9568e-02
  1.1626e+03  8.0730e-01  3.3623e-02
  1.1637e+03  7.6036e-01  3.3740e-02
  1.1647e+03  6.6256e-01  3.6454e-02
  1.1658e+03  7.0003e-01  3.9582e-02
  1.1668e+03  7.2494e-01  3.5890e-02
  1.1679e+03  7.0528e-01  4.9531e-02
  1.1689e+03  7.2030e-01  3.3378e-02
  1.1700e+03  6.5398e-01  4.3102e-02
  1.1710e+03  7.2362e-01  4.3274e-02
  1.1721e+03  6.1827e-01  5.2662e-02
  1.1731e+03  6.1560e-01  2.7670e-02
  1.1742e+03  6.8060e-01  3.5887e-02
  1.1752e+03  6.3752e-01  3.9078e-02
  1.1763e+03  6.0912e-01  3.9123e-02
  1.1773e+03  6.0273e-01  2.4310e-02
  1.1784e+03  7.2240e-01  4.2216e-02
  1.1794e+03  6.6897e-01  2.9167e-02
  1.1805e+03  6.6170e-01  3.7783e-02
  1.1815e+03  6.8951e-01  4.9671e-02
  1.1826e+03  7.4430e-01  4.3353e-02
  1.1836e+03  6.0879e-01  3.8498e-02
  1.1847e+03  7.4977e-01  4.1319e-02
  1.1857e+03  6.5237e-01  3.3066e-02
  1.1868e+03  6.8890e-01  4.2926e-02
  1.1878e+03  6.1985e-01  4.4329e-02
  1.1889e+03  5.4026e-01  4.5869e-02
  1.1899e+03  4.6509e-01  3.6834e-02
  1.1910e+03  5.3708e-01  3.8107e-02
  1.1920e+03  7.2440e-01  4.8248e-02
  1.1931e+03  5.9054e-01  3.3022e-02
  1.1941e+03  6.5723e-01  4.4064e-02
  1.1952e+03  6.9169e-01  4.1578e-02
  1.1962e+03  5.9760e-01  3.4596e-02
  1.1973e+03  6.3304e-01  3.8125e-02
  1.1983e+03  6.4750e-01  2.6056e-02
  1.1994e+03  6.3970e-01  3.1733e-02
  1.2005e+03  6.3621e-01  3.8700e-02
  1.2015e+03  5.3248e-01  4.4056e-02
  1.2026e+03  5.5297e-01  4.4432e-02
  1.2036e+03  4.3413e-01  3.7712e-02
  1.2047e+03  4.1763e-01  3.3973e-02
  1.2057e+03  4.5424e-01  3.2265e-02
  1.2068e+03  4.5746e-01  3.7494e-02
  1.2078e+03  4.9524e-01  4.0409e-02
  1.2089e+03  4.5657e-01  4.1767e-02
  1.2099e+03  4.2788e-01  3.3815e-02
  1.2110e+03  6.6483e-01  3.1936e-02
  1.2120e+03  7.1466e-01  4.3474e-02
  1.2131e+03  8.9771e-01  5.5753e-02
  1.2141e+03  1.2652e+00  3.4836e-02
  1.2152e+03  1.5122e+00  4.0292e-02
  1.2162e+03  1.6177e+00  4.7822e-02
  1.2173e+03  1.3364e+00  4.7347e-02
  1.2183e+03  1.2934e+00  3.9758e-02
  1.2194e+03  9.7985e-01  4.3004e-02
  1.2204e+03  8.9437e-01  3.7123e-02
  1.2215e+03  8.9048e-01  4.4581e-02
  1.2225e+03  7.9766e-01  3.2375e-02
  1.2236e+03  9.2452e-01  3.1076e-02
  1.2246e+03  8.0143e-01  2.8745e-02
  1.2257e+03  8.0950e-01  3.6089e-02
  1.2267e+03  7.9710e-01  3.8040e-02
  1.2278e+03  8.2639e-01  3.3248e-02
  1.2288e+03  7.8906e-01  3.5300e-02
  1.2299e+03  7.6143e-01  3.8229e-02
  1.2309e+03  7.8802e-01  3.9728e-02
  1.2320e+03  8.1435e-01  3.0121e-02
  1.2330e+03  8.8014e-01  3.2464e-02
  1.2341e+03  8.9257e-01  3.4741e-02
  1.2351e+03  7.8791e-01  2.9572e-02
  1.2362e+03  8.8375e-01  3.0456e-02
  1.2372e+03  9.7252e-01  3.0749e-02
  1.2383e+03  9.1181e-01  2.9340e-02
  1.2393e+03  9.0547e-01  2.3126e-02
  1.2404e+03  9.8202e-01  3.0925e-02
  1.2414e+03  9.9820e-01  3.1845e-02
  1.2425e+03  1.0600e+00  2.9909e-02
  1.2435e+03  9.8261e-01  3.2290e-02
  1.2446e+03  1.0529e+00  3.0619e-02
  1.2456e+03  1.1220e+00  2.9793e-02
  1.2467e+03  1.0108e+00  2.5010e-02
  1.2477e+03  9.8567e-01  3.6379e-02
  1.2488e+03  9.9068e-01  3.2762e-02
  1.2498e+03  9.2434e-01  2.6574e-02
  1.2509e+03  9.5606e-01  3.8305e-02
  1.2519e+03  9.3887e-01  4.1312e-02
  1.2530e+03  9.1070e-01  3.5355e-02
  1.2540e+03  9.2321e-01  3.0236e-02
  1.2551e+03  9.2669e-01  3.0129e-02
  1.2561e+03  7.7427e-01  3.8165e-02
  1.2572e+03  7.8775e-01  2.6492e-02
  1.2582e+03  8.4684e-01  4.0388e-02
  1.2593e+03  7.0411e-01  3.2016e-02
  1.2603e+03  9.1324e-01  3.7065e-02
  1.2614e+03  9.8930e-01  3.9252e-02
  1.2624e+03  1.0567e+00  3.1199e-02
  1.2635e+03  9.3388e-01  3.6917e-02
  1.2645e+03  1.0582e+00  3.7097e-02
  1.2656e+03  1.0198e+00  3.0766e-02
  1.2666e+03  1.0892e+00  3.6013e-02
  1.2677e+03  9.9584e-01  2.9700e-02
  1.2687e+03  1.1501e+00  3.7785e-02
  1.2698e+03  9.9694e-01  3.2924e-02
  1.2708e+03  1.0079e+00  3.8585e-02
  1.2719e+03  1.0639e+00  3.2344e-02
  1.2729e+03  9.5396e-01  3.4789e-02
  1.2740e+03  1.0831e+00  3.5462e-02
  1.2750e+03  1.0129e+00  3.8099e-02
  1.2761e+03  1.0840e+00  2.4683e-02
  1.2771e+03  1.0693e+00  3.6645e-02
  1.2782e+03  1.0653e+00  3.5130e-02
  1.2792e+03  1.0284e+00  3.1982e-02
  1.2803e+03  9.5476e-01  3.3721e-02
  1.2814e+03  1.0869e+00  2.7767e-02
  1.2824e+03  1.1120e+00  3.5399e-02
  1.2835e+03  1.0322e+00  3.1954e-02
  1.2845e+03  1.0771e+00  3.0426e-02
  1.2856e+03  1.0518e+00  3.8860e-02
  1.2866e+03  1.0624e+00  3.2130e-02
  1.2877e+03  1.0860e+00  2.9273e-02
  1.2887e+03  1.0659e+00  3.1052e-02
  1.2898e+03  1.0130e+00  2.8945e-02
  1.2908e+03  1.0259e+00  3.4265e-02
  1.2919e+03  9.6047e-01  3.4639e-02
  1.2929e+03  9.7636e-01  3.0354e-02
  1.2940e+03  9.4914e-01  2.8716e-02
  1.2950e+03  1.0030e+00  3.8312e-02
  1.2961e+03  9.3309e-01  3.4565e-02
  1.2971e+03  9.5224e-01  3.0801e-02
  1.2982e+03  7.6173e-01  5.0728e-02
  1.2992e+03  6.8704e-01  3.4610e-02
  1.3003e+03  7.0348e-01  3.7123e-02
  1.3013e+03  8.4558e-01  3.0923e-02
  1.3024e+03  7.9901e-01  3.9152e-02
  1.3034e+03  8.6168e-01  2.7213e-02
  1.3045e+03  1.0521e+00  3.3116e-02
  1.3055e+03  9.3042e-01  2.9577e-02
  1.3066e+03  1.1383e+00  4.7978e-02
  1.3076e+03  1.1509e+00  3.2328e-02
  1.3087e+03  1.1056e+00  3.5189e-02
  1.3097e+03  1.1023e+00  3.4964e-02
  1.3108e+03  1.1666e+00  3.1125e-02
  1.3118e+03  1.1383e+00  2.8275e-02
  1.3129e+03  1.0022e+00  3.0604e-02
  1.3139e+03  1.0074e+00  3.0801e-02
  1.3150e+03  1.0409e+00  3.1733e-02
  1.3160e+03  1.0387e+00  3.4735e-02
  1.3171e+03  1.0292e+00  3.0183e-02
  1.3181e+03  1.0459e+00  2.8130e-02
  1.3192e+03  9.7314e-01  3.0774e-02
  1.3202e+03  1.0273e+00  3.0325e-02
  1.3213e+03  1.0161e+00  2.1338e-02
  1.3223e+03  9.3057e-01  2.8703e-02
  1.3234e+03  9.3440e-01  4.6245e-02
  1.3244e+03  1.0051e+00  2.8974e-02
  1.3255e+03  1.0621e+00  2.8941e-02
  1.3265e+03  9.9855e-01  3.4351e-02
  1.3276e+03  1.0385e+00  3.3026e-02
  1.3286e+03  9.3744e-01  3.4400e-02
  1.3297e+03  9.0753e-01  3.0699e-02
  1.3307e+03  7.5662e-01  3.2424e-02
  1.3318e+03  8.2035e-01  3.5555e-02
  1.3328e+03  7.5342e-01  3.5557e-02
  1.3339e+03  8.6583e-01  3.6065e-02
  1.3349e+03  8.4808e-01  3.8371e-02
  1.3360e+03  9.2089e-01  2.7864e-02
  1.3370e+03  1.0106e+00  3.7692e-02
  1.3381e+03  1.0260e+00  2.2785e-02
  1.3391e+03  1.0113e+00  3.1603e-02
  1.3402e+03  1.0433e+00  2.1763e-02
  1.3412e+03  1.0487e+00  3.5752e-02
  1.3423e+03  1.0853e+00  3.8511e-02
  1.3433e+03  1.0762e+00  2.8160e-02
  1.3444e+03  1.0093e+00  3.5166e-02
  1.3454e+03  1.0233e+00  3.2286e-02
  1.3465e+03  1.1172e+00  2.9941e-02
  1.3475e+03  1.1127e+00  3.5261e-02
  1.3486e+03  1.0009e+00  3.2549e-02
  1.3496e+03  1.0094e+00  2.6924e-02
  1.3507e+03  1.0217e+00  3.5257e-02
  1.3517e+03  1.1751e+00  3.1552e-02
  1.3528e+03  1.0739e+00  3.2720e-02
  1.3538e+03  1.1407e+00  3.0514e-02
  1.3549e+03  1.0154e+00  3.1145e-02
  1.3559e+03  1.0826e+00  3.0455e-02
  1.3570e+03  9.7000e-01  3.5286e-02
  1.3580e+03  1.0418e+00  3.1188e-02
  1.3591e+03  1.0755e+00  4.0206e-02
  1.3602e+03  1.0500e+00  2.9143e-02
  1.3612e+03  9.7399e-01  2.8846e-02
  1.3623e+03  1.0364e+00  2.9884e-02
  1.3633e+03  1.0322e+00  2.4947e-02
  1.3644e+03  1.0802e+00  3.1411e-02
  1.3654e+03  9.9447e-01  3.4988e-02
  1.3665e+03  9.4771e-01  3.7093e-02
  1.3675e+03  1.0836e+00  3.0952e-02
  1.3686e+03  8.9005e-01  3.2760e-02
  1.3696e+03  1.0762e+00  2.2606e-02
  1.3707e+03  9.8407e-01  3.5594e-02
  1.3717e+03  1.0310e+00  3.7313e-02
  1.3728e+03  1.0801e+00  3.8642e-02
  1.3738e+03  1.1343e+00  2.9643e-02
  1.3749e+03  1.0516e+00  1.9783e-02
  1.3759e+03  1.0034e+00  3.3643e-02
  1.3770e+03  9.9010e-01  3.5564e-02
  1.3780e+03  1.0855e+00  2.5057e-02
  1.3791e+03  9.9269e-01  3.1328e-02
  1.3801e+03  1.0454e+00  3.3095e-02
  1.3812e+03  1.0158e+00  3.8851e-02
  1.3822e+03  9.9843e-01  3.4655e-02
  1.3833e+03  1.0313e+00  4.1556e-02
  1.3843e+03  1.0389e+00  3.3352e-02
  1.3854e+03  1.0035e+00  2.9899e-02
  1.3864e+03  1.0099e+00  4.3877e-02
  1.3875e+03  8.9321e-01  3.2191e-02
  1.3885e+03  8.9951e-01  3.7362e-02
  1.3896e+03  8.0056e-01  3.3581e-02
  1.3906e+03  7.8164e-01  3.2824e-02
  1.3917e+03  7.7268e-01  3.7978e-02
  1.3927e+03  8.9842e-01  3.0302e-02
  1.3938e+03  8.9261e-01  3.8958e-02
  1.3948e+03  8.4054e-01  2.5668e-02
  1.3959e+03  1.0072e+00  3.2255e-02
  1.3969e+03  8.8315e-01  3.0377e-02
  1.3980e+03  9.4266e-01  3.5847e-02
  1.3990e+03  9.5152e-01  3.8620e-02
  1.4001e+03  8.2716e-01  3.5187e-02
  1.4011e+03  8.9450e-01  4.2920e-02
  1.4022e+03  9.2421e-01  4.0559e-02
  1.4032e+03  8.6765e-01  2.9443e-02
  1.4043e+03  9.6639e-01  2.8620e-02
  1.4053e+03  1.0125e+00  3.6103e-02
  1.4064e+03  9.8772e-01  3.1871e-02
  1.4074e+03  1.0528e+00  3.1931e-02
  1.4085e+03  1.0221e+00  4.0368e-02
  1.4095e+03  9.8872e-01  3.0029e-02
  1.4106e+03  1.0190e+00  3.1180e-02
  1.4116e+03  1.0971e+00  2.9333e-02
  1.4127e+03  1.0035e+00  2.9894e-02
  1.4137e+03  1.0303e+00  3.6656e-02
  1.4148e+03  1.0351e+00  2.8957e-02
  1.4158e+03  9.5525e-01  3.1425e-02
  1.4169e+03  1.0839e+00  2.9346e-02
  1.4179e+03  1.1444e+00  3.1460e-02
  1.4190e+03  8.6850e-01  4.0328e-02
  1.4200e+03  1.0414e+00  4.0358e-02
  1.4211e+03  9.7128e-01  5.0701e-02
  1.4221e+03  9.9043e-01  4.0136e-02
  1.4232e+03  9.3460e-01  3.9696e-02
  1.4242e+03  9.6534e-01  2.9395e-02
  1.4253e+03  9.0888e-01  3.5061e-02
  1.4263e+03  1.0413e+00  4.3389e-02
  1.4274e+03  9.4655e-01  4.4441e-02
  1.4284e+03  9.5410e-01  3.5235e-02
  1.4295e+03  1.0332e+00  3.4214e-02
  1.4305e+03  9.7939e-01  4.3257e-02
  1.4316e+03  9.9050e-01  4.0195e-02
  1.4326e+03  9.9773e-01  2.7028e-02
  1.4337e+03  1.0213e+00  2.5995e-02
  1.4347e+03  1.1552e+00  3.5343e-02
  1.4358e+03  1.1058e+00  2.7945e-02
  1.4368e+03  1.0609e+00  3.0059e-02
  1.4379e+03  9.3611e-01  4.0014e-02
  1.4389e+03  1.1339e+00  3.2335e-02
  1.4400e+03  1.0400e+00  3.6563e-02
  1.4411e+03  9.4929e-01  3.0791e-02
  1.4421e+03  1.1577e+00  2.7300e-02
  1.4432e+03  1.0504e+00  3.1773e-02
  1.4442e+03  9.3534e-01  3.2265e-02
  1.4453e+03  1.0141e+00  3.4459e-02
  1.4463e+03  1.0515e+00  3.0864e-02
  1.4474e+03  1.0314e+00  4.1319e-02
  1.4484e+03  1.1035e+00  2.8926e-02
  1.4495e+03  1.0232e+00  3.5269e-02
  1.4505e+03  9.9175e-01  3.8101e-02
  1.4516e+03  8.9871e-01  4.1210e-02
  1.4526e+03  1.0014e+00  3.7362e-02
  1.4537e+03  1.0764e+00  3.8574e-02
  1.4547e+03  9.7618e-01  3.8466e-02
  1.4558e+03  9.7533e-01  3.4706e-02
  1.4568e+03  1.0258e+00  3.4329e-02
  1.4579e+03  9.8167e-01  3.4136e-02
  1.4589e+03  1.0193e+00  4.6037e-02
  1.4600e+03  1.0363e+00  3.7203e-02
  1.4610e+03  1.0607e+00  3.3560e-02
  1.4621e+03  1.0492e+00  2.9964e-02
  1.4631e+03  1.0068e+00  3.9013e-02
  1.4642e+03  9.7160e-01  5.1095e-02
  1.4652e+03  1.1538e+00  3.1188e-02
  1.4663e+03  9.6358e-01  4.2080e-02
  1.4673e+03  1.0654e+00  3.0932e-02
  1.4684e+03  1.0209e+00  4.0713e-02
  1.4694e+03  1.0168e+00  2.9538e-02
  1.4705e+03  1.0464e+00  2.8744e-02
  1.4715e+03  1.0462e+00  3.1298e-02
  1.4726e+03  1.0164e+00  3.1309e-02
  1.4736e+03  9.5458e-01  3.4442e-02
  1.4747e+03  1.0637e+00  3.4684e-02
  1.4757e+03  1.0425e+00  2.9603e-02
  1.4768e+03  8.9441e-01  4.0237e-02
  1.4778e+03  1.0364e+00  3.9901e-02
  1.4789e+03  1.0056e+00  3.2261e-02
  1.4799e+03  9.9993e-01  4.1135e-02
  1.4810e+03  1.0012e+00  3.3254e-02
  1.4820e+03  1.0156e+00  4.2070e-02
  1.4831e+03  1.0281e+00  3.2083e-02
  1.4841e+03  1.0316e+00  3.7354e-02
  1.4852e+03  1.0027e+00  3.2113e-02
  1.4862e+03  9.6259e-01  4.8900e-02
  1.4873e+03  1.0771e+00  4.1211e-02
  1.4883e+03  1.1199e+00  2.8015e-02
  1.4894e+03  9.9271e-01  4.3404e-02
  1.4904e+03  1.1637e+00  4.3524e-02
  1.4915e+03  1.0064e+00  4.2372e-02
  1.4925e+03  1.0424e+00  3.2717e-02
  1.4936e+03  1.0717e+00  3.3399e-02
  1.4946e+03  1.0594e+00  3.4001e-02
  1.4957e+03  1.0542e+00  3.4891e-02
  1.4967e+03  1.0095e+00  5.2589e-02
  1.4978e+03  9.6745e-01  4.4437e-02
  1.4988e+03  9.9161e-01  3.2439e-02
  1.4999e+03  9.1135e-01  6.0147e-02
  1.5009e+03  9.4779e-01  3.8142e-02
  1.5020e+03  9.1777e-01  4.5330e-02
  1.5030e+03  9.7098e-01  4.0336e-02
  1.5041e+03  1.0150e+00  4.1706e-02
  1.5051e+03  9.8798e-01  3.6342e-02
  1.5062e+03  9.7898e-01  3.2791e-02
  1.5072e+03  1.1090e+00  3.6087e-02
  1.5083e+03  9.9436e-01  3.9135e-02
  1.5093e+03  1.0125e+00  3.9202e-02
  1.5104e+03  9.9864e-01  3.2763e-02
  1.5114e+03  9.5567e-01  3.3756e-02
  1.5125e+03  1.0217e+00  4.0805e-02
  1.5135e+03  9.7982e-01  3.1971e-02
  1.5146e+03  9.7302e-01  3.3132e-02
  1.5156e+03  1.0177e+00  4.0843e-02
  1.5167e+03  1.0224e+00  2.6728e-02
  1.5177e+03  9.0987e-01  3.6034e-02
  1.5188e+03  9.1043e-01  4.0702e-02
  1.5198e+03  9.8374e-01  3.6784e-02
  1.5209e+03  9.0283e-01  3.3374e-02
  1.5220e+03  8.8868e-01  3.2966e-02
  1.5230e+03  8.5700e-01  4.1399e-02
  1.5241e+03  8.0259e-01  5.5997e-02
  1.5251e+03  8.2461e-01  3.9168e-02
  1.5262e+03  7.9804e-01  3.2473e-02
  1.5272e+03  9.6270e-01  3.7253e-02
  1.5283e+03  1.0110e+00  3.7058e-02
  1.5293e+03  8.4423e-01  4.2461e-02
  1.5304e+03  1.0478e+00  5.0776e-02
  1.5314e+03  9.4774e-01  4.1969e-02
  1.5325e+03  9.3646e-01  4.4866e-02
  1.5335e+03  9.1710e-01  5.0430e-02
  1.5346e+03  1.0244e+00  4.2169e-02
  1.5356e+03  8.3716e-01  3.7195e-02
  1.5367e+03  9.0163e-01  4.0463e-02
  1.5377e+03  8.8658e-01  4.6353e-02
  1.5388e+03  9.0306e-01  3.1953e-02
  1.5398e+03  8.5551e-01  2.8778e-02
  1.5409e+03  7.0662e-01  3.8598e-02
  1.5419e+03  7.0642e-01  4.4484e-02
  1.5430e+03  7.3016e-01  3.8924e-02
  1.5440e+03  7.4380e-01  4.1664e-02
  1.5451e+03  7.4011e-01  5.1304e-02
  1.5461e+03  7.9308e-01  6.2307e-02
  1.5472e+03  6.9147e-01  5.7141e-02
  1.5482e+03  8.0475e-01  3.8349e-02
  1.5493e+03  9.5853e-01  4.8399e-02
  1.5503e+03  9.1930e-01  5.7077e-02
  1.5514e+03  9.6206e-01  4.5246e-02
  1.5524e+03  1.0863e+00  3.8829e-02
  1.5535e+03  1.0609e+00  4.0790e-02
  1.5545e+03  8.9691e-01  4.4378e-02
  1.5556e+03  1.0322e+00  6.1921e-02
  1.5566e+03  9.2778e-01  4.4329e-02
  1.5577e+03  9.3319e-01  3.4957e-02
  1.5587e+03  9.3096e-01  6.2071e-02
  1.5598e+03  9.2992e-01  4.5575e-02
  1.5608e+03  9.8983e-01  4.4701e-02
  1.5619e+03  9.3881e-01  3.8466e-02
  1.5629e+03  9.9688e-01  2.9261e-02
  1.5640e+03  9.7429e-01  5.0674e-02
  1.5650e+03  9.8364e-01  3.9669e-02
  1.5661e+03  9.9142e-01  3.3776e-02
  1.5671e+03  1.0018e+00  4.0413e-02
  1.5682e+03  9.1444e-01  5.9329e-02
  1.5692e+03  8.7144e-01  3.9479e-02
  1.5703e+03  1.0312e+00  3.9035e-02
  1.5713e+03  1.0920e+00  4.7999e-02
  1.5724e+03  1.0028e+00  5.4967e-02
  1.5734e+03  9.5720e-01  3.9201e-02
  1.5745e+03  8.9672e-01  3.7380e-02
  1.5755e+03  1.0677e+00  4.3315e-02
  1.5766e+03  1.0520e+00  4.5938e-02
  1.5776e+03  9.9745e-01  4.5644e-02
  1.5787e+03  9.4863e-01  4.1195e-02
  1.5797e+03  8.6309e-01  3.7176e-02
  1.5808e+03  1.0654e+00  4.0770e-02
  1.5818e+03  9.9744e-01  3.4666e-02
  1.5829e+03  1.0295e+00  3.9877e-02
  1.5839e+03  1.0529e+00  3.2341e-02
  1.5850e+03  8.9801e-01  4.5157e-02
  1.5860e+03  9.1885e-01  6.7877e-02
  1.5871e+03  9.6733e-01  3.8339e-02
  1.5881e+03  1.0235e+00  6.5825e-02
  1.5892e+03  1.0520e+00  3.2193e-02
  1.5902e+03  9.4605e-01  3.3827e-02
  1.5913e+03  9.4214e-01  3.5055e-02
  1.5923e+03  9.8907e-01  2.9277e-02
  1.5934e+03  8.4216e-01  4.3354e-02
  1.5944e+03  9.4435e-01  5.7750e-02
  1.5955e+03  8.6473e-01  3.7523e-02
  1.5965e+03  9.9138e-01  5.2892e-02
  1.5976e+03  8.8818e-01  4.7860e-02
  1.5986e+03  9.8899e-01  4.5872e-02
  1.5997e+03  9.5360e-01  4.7122e-02
  1.6008e+03  8.4980e-01  3.4094e-02
  1.6018e+03  9.0702e-01  3.8833e-02
  1.6029e+03  7.8607e-01  5.0590e-02
  1.6039e+03  7.6804e-01  3.9960e-02
  1.6050e+03  8.2415e-01  4.8076e-02
  1.6060e+03  8.5991e-01  4.9552e-02
  1.6071e+03  9.0497e-01  4.9144e-02
  1.6081e+03  8.4304e-01  3.9927e-02
  1.6092e+03  9.3612e-01  3.4789e-02
  1.6102e+03  9.4714e-01  3.2072e-02
  1.6113e+03  9.6363e-01  3.4362e-02
  1.6123e+03  9.4589e-01  4.2869e-02
  1.6134e+03  1.0269e+00  4.7252e-02
  1.6144e+03  9.7309e-01  3.2818e-02
  1.6155e+03  9.6003e-01  4.2784e-02
  1.6165e+03  1.0126e+00  4.5670e-02
  1.6176e+03  1.0275e+00  5.1341e-02
  1.6186e+03  8.9894e-01  5.3674e-02
  1.6197e+03  8.8599e-01  4.7031e-02
  1.6207e+03  9.2246e-01  5.2780e-02
  1.6218e+03  8.9355e-01  5.1182e-02
  1.6228e+03  8.8042e-01  4.1244e-02
  1.6239e+03  8.6203e-01  5.3224e-02
  1.6249e+03  9.0831e-01  5.0957e-02
  1.6260e+03  9.2512e-01  6.2439e-02
  1.6270e+03  1.0279e+00  3.9190e-02
  1.6281e+03  9.6163e-01  4.0677e-02
  1.6291e+03  8.3023e-01  5.3404e-02
  1.6302e+03  8.9985e-01  4.3646e-02
  1.6312e+03  9.6521e-01  4.7587e-02
  1.6323e+03  9.0208e-01  5.3801e-02
  1.6333e+03  8.5958e-01  5.8541e-02
  1.6344e+03  9.4459e-01  4.9965e-02
  1.6354e+03  9.5563e-01  5.2240e-02
  1.6365e+03  9.7314e-01  4.3477e-02
  1.6375e+03  9.6781e-01  4.3416e-02
  1.6386e+03  1.1240e+00  4.5385e-02
  1.6396e+03  1.0053e+00  4.5556e-02
  1.6407e+03  9.6360e-01  4.9605e-02
  1.6417e+03  1.0056e+00  5.3076e-02
  1.6428e+03  1.0132e+00  6.0149e-02
  1.6438e+03  9.6726e-01  5.7574e-02
  1.6449e+03  9.8266e-01  5.4021e-02
  1.6459e+03  1.0132e+00  5.4901e-02
  1.6470e+03  1.0728e+00  3.2398e-02
  1.6480e+03  1.0834e+00  3.9624e-02
  1.6491e+03  8.0307e-01  6.0052e-02
  1.6501e+03  8.9130e-01  4.2183e-02
  1.6512e+03  8.5441e-01  4.8951e-02
  1.6522e+03  9.9145e-01  6.8574e-02
  1.6533e+03  8.7718e-01  6.7776e-02
  1.6543e+03  8.4208e-01  5.6710e-02
  1.6554e+03  8.5638e-01  5.4787e-02
  1.6564e+03  9.8575e-01  3.9465e-02
  1.6575e+03  7.9653e-01  7.1710e-02
  1.6585e+03  9.3943e-01  4.7197e-02
  1.6596e+03  1.0076e+00  4.8569e-02
  1.6606e+03  8.1483e-01  3.4265e-02
  1.6617e+03  1.0719e+00  5.7081e-02
  1.6627e+03  8.6049e-01  5.2963e-02
  1.6638e+03  1.0617e+00  4.6880e-02
  1.6648e+03  9.5327e-01  4.2736e-02
  1.6659e+03  7.9303e-01  4.6254e-02
  1.6669e+03  7.1833e-01  4.6285e-02
  1.6680e+03  7.9790e-01  5.5754e-02
  1.6690e+03  9.6552e-01  4.9759e-02
  1.6701e+03  7.8060e-01  4.6843e-02
  1.6711e+03  9.1642e-01  3.5875e-02
  1.6722e+03  9.6136e-01  5.4019e-02
  1.6732e+03  7.8037e-01  5.5656e-02
  1.6743e+03  1.0100e+00  3.6070e-02
  1.6753e+03  9.6627e-01  4.9333e-02
  1.6764e+03  9.9005e-01  5.3021e-02
  1.6774e+03  8.2617e-01  5.5020e-02
  1.6785e+03  1.0286e+00  5.3666e-02
  1.6795e+03  9.3305e-01  4.9078e-02
  1.6806e+03  9.4064e-01  4.8220e-02
  1.6817e+03  7.6871e-01  6.4158e-02
  1.6827e+03  1.0106e+00  4.7151e-02
  1.6838e+03  8.4759e-01  7.9304e-02
  1.6848e+03  8.9457e-01  5.3029e-02
  1.6859e+03  9.3043e-01  4.6919e-02
  1.6869e+03  8.3496e-01  3.9147e-02
  1.6880e+03  1.0499e+00  5.7939e-02
  1.6890e+03  1.1160e+00  4.5560e-02
  1.6901e+03  9.3602e-01  5.4790e-02
  1.6911e+03  9.1293e-01  6.6940e-02
  1.6922e+03  1.0460e+00  4.2370e-02
  1.6932e+03  8.1556e-01  6.2641e-02
  1.6943e+03  8.1989e-01  3.6295e-02
  1.6953e+03  9.4179e-01  5.1977e-02
  1.6964e+03  9.6553e-01  5.3852e-02
  1.6974e+03  9.3191e-01  3.9836e-02
  1.6985e+03  9.2049e-01  6.2650e-02
  1.6995e+03  8.4840e-01  4.3520e-02
  1.7006e+03  8.4593e-01  6.1354e-02
  1.7016e+03  1.0221e+00  5.2099e-02
  1.7027e+03  8.1281e-01  6.4164e-02
  1.7037e+03  8.3671e-01  5.5632e-02
  1.7048e+03  9.8526e-01  5.2338e-02
  1.7058e+03  1.0148e+00  5.9733e-02
  1.7069e+03  9.6735e-01  4.4555e-02
  1.7079e+03  9.8211e-01  3.8386e-02
  1.7090e+03  7.8765e-01  7.3623e-02
  1.7100e+03  9.5393e-01  6.1581e-02
  1.7111e+03  6.8731e-01  3.4485e-02
  1.7121e+03  8.2570e-01  5.0222e-02
  1.7132e+03  7.6919e-01  7.0622e-02
  1.7142e+03  8.5468e-01  5.6812e-02
  1.7153e+03  9.6784e-01  4.7389e-02
  1.7163e+03  7.7099e-01  5.9887e-02
  1.7174e+03  7.8638e-01  8.2506e-02
  1.7184e+03  9.0186e-01  6.4938e-02
  1.7195e+03  8.4578e-01  6.3463e-02
  1.7205e+03  7.9140e-01  5.6324e-02
  1.7216e+03  8.1041e-01  6.5447e-02
  1.7226e+03  9.2358e-01  3.5568e-02
  1.7237e+03  8.0354e-01  5.7834e-02
  1.7247e+03  8.7632e-01  7.6692e-02
  1.7258e+03  9.6813e-01  5.5852e-02
  1.7268e+03  9.6535e-01  5.9163e-02
  1.7279e+03  9.4887e-01  5.0730e-02
  1.7289e+03  9.1624e-01  4.6326e-02
  1.7300e+03  8.7382e-01  6.0702e-02
  1.7310e+03  9.4388e-01  6.8956e-02
  1.7321e+03  8.2702e-01  6.3468e-02
  1.7331e+03  1.0326e+00  5.3670e-02
  1.7342e+03  9.3921e-01  5.1067e-02
  1.7352e+03  9.7484e-01  7.4134e-02
  1.7363e+03  9.0132e-01  7.8599e-02
  1.7373e+03  9.4452e-01  5.8317e-02
  1.7384e+03  1.0384e+00  5.4440e-02
  1.7394e+03  8.1757e-01  4.5263e-02
  1.7405e+03  8.2820e-01  3.2965e-02
  1.7415e+03  1.0427e+00  5.1532e-02
  1.7426e+03  1.0141e+00  7.2327e-02
  1.7436e+03  7.6512e-01  5.8140e-02
  1.7447e+03  8.7554e-01  7.8659e-02
  1.7457e+03  7.0630e-01  6.2595e-02
  1.7468e+03  1.0460e+00  6.4184e-02
  1.7478e+03  8.3537e-01  8.3258e-02
  1.7489e+03  8.1854e-01  7.5526e-02
  1.7499e+03  7.3827e-01  3.8644e-02
  1.7510e+03  9.7272e-01  8.7817e-02
  1.7520e+03  8.7844e-01  8.4758e-02
  1.7531e+03  8.6129e-01  8.9728e-02
  1.7541e+03  9.0975e-01  6.0564e-02
  1.7552e+03  1.0055e+00  6.4540e-02
  1.7562e+03  7.8798e-01  6.6988e-02
  1.7573e+03  9.9412e-01  5.3403e-02
  1.7583e+03  9.5381e-01  6.3717e-02
  1.7594e+03  1.0178e+00  7.7864e-02
  1.7605e+03  1.0137e+00  7.7360e-02
  1.7615e+03  8.7280e-01  6.2692e-02
  1.7626e+03  7.8332e-01  4.3061e-02
  1.7636e+03  9.5642e-01  4.5519e-02
  1.7647e+03  9.4334e-01  8.8853e-02
  1.7657e+03  8.7493e-01  4.8389e-02
  1.7668e+03  8.7173e-01  5.8612e-02
  1.7678e+03  1.0281e+00  7.1028e-02
  1.7689e+03  9.0380e-01  6.6636e-02
  1.7699e+03  9.6331e-01  5.5216e-02
  1.7710e+03  7.6738e-01  6.2499e-02
  1.7720e+03  8.3205e-01  7.1575e-02
  1.7731e+03  9.2841e-01  6.6718e-02
  1.7741e+03  8.9953e-01  4.9730e-02
  1.7752e+03  8.6875e-01  6.1252e-02
  1.7762e+03  6.6770e-01  6.0858e-02
  1.7773e+03  8.2004e-01  5.6290e-02
  1.7783e+03  1.1372e+00  1.0444e-01
  1.7794e+03  1.1018e+00  7.2005e-02
  1.7804e+03  1.0994e+00  6.1042e-02
  1.7815e+03  9.2182e-01  7.9710e-02
  1.7825e+03  8.9003e-01  5.1149e-02
  1.7836e+03  7.0597e-01  6.2037e-02
  1.7846e+03  1.0164e+00  6.4092e-02
  1.7857e+03  7.7848e-01  8.5469e-02
  1.7867e+03  8.8598e-01  6.0194e-02
  1.7878e+03  8.1745e-01  9.1305e-02
  1.7888e+03  8.4748e-01  5.2383e-02
  1.7899e+03  1.1058e+00  3.7931e-02
  1.7909e+03  8.2605e-01  9.3728e-02
  1.7920e+03  7.9574e-01  7.6521e-02
  1.7930e+03  1.0040e+00  5.0152e-02
  1.7941e+03  9.5865e-01  3.0907e-02
  1.7951e+03  8.8202e-01  7.0665e-02
  1.7962e+03  9.5703e-01  6.4924e-02
  1.7972e+03  1.1465e+00  3.2873e-02
  1.7983e+03  9.2516e-01  7.3346e-02
  1.7993e+03  9.3622e-01  7.8832e-02
  1.8004e+03  9.9037e-01  7.4219e-02
  1.8014e+03  7.9976e-01  6.4538e-02
  1.8025e+03  9.8224e-01  6.2533e-02
  1.8035e+03  8.5371e-01  8.0817e-02
  1.8046e+03  8.8875e-01  1.0518e-01
  1.8056e+03  9.9980e-01  7.0672e-02
  1.8067e+03  8.2527e-01  6.0344e-02
  1.8077e+03  9.1958e-01  6.9284e-02
  1.8088e+03  7.8709e-01  9.4569e-02
  1.8098e+03  8.9455e-01  8.3519e-02
  1.8109e+03  8.6770e-01  5.8268e-02
  1.8119e+03  7.8744e-01  8.8117e-02
  1.8130e+03  8.6339e-01  6.3330e-02
  1.8140e+03  9.3364e-01  5.6673e-02
  1.8151e+03  8.7737e-01  8.0804e-02
  1.8161e+03  9.6542e-01  7.7154e-02
  1.8172e+03  8.3705e-01  3.8392e-02
  1.8182e+03  1.1287e+00  7.6683e-02
  1.8193e+03  8.7762e-01  6.0032e-02
  1.8203e+03  7.3484e-01  8.3815e-02
  1.8214e+03  8.5619e-01  4.4180e-02
  1.8224e+03  7.6190e-01  8.3331e-02
  1.8235e+03  8.2844e-01  4.9228e-02
  1.8245e+03  9.4418e-01  7.6388e-02
  1.8256e+03  1.0118e+00  1.1700e-01
  1.8266e+03  8.2909e-01  8.4547e-02
  1.8277e+03  8.3624e-01  6.9993e-02
  1.8287e+03  7.8219e-01  6.1188e-02
  1.8298e+03  8.2891e-01  1.2154e-01
  1.8308e+03  1.0022e+00  5.6096e-02
  1.8319e+03  9.6851e-01  5.7102e-02
  1.8329e+03  9.4433e-01  1.0031e-01
  1.8340e+03  9.8987e-01  6.9735e-02
  1.8350e+03  9.0806e-01  6.5844e-02
  1.8361e+03  8.9672e-01  7.6413e-02
  1.8371e+03  9.5776e-01  5.5289e-02
  1.8382e+03  9.0941e-01  1.4283e-01
  1.8392e+03  7.4629e-01  1.0921e-01
  1.8403e+03  9.5682e-01  9.4364e-02
  1.8414e+03  6.3896e-01  1.1385e-01
  1.8424e+03  7.1033e-01  6.7246e-02
  1.8435e+03  7.6754e-01  9.4333e-02
  1.8445e+03  8.2652e-01  9.4904e-02
  1.8456e+03  8.7664e-01  6.6375e-02
  1.8466e+03  7.0871e-01  7.5334e-02
  1.8477e+03  9.9541e-01  3.7409e-02
  1.8487e+03  7.2854e-01  1.0407e-01
  1.8498e+03  8.3040e-01  7.3315e-02
  1.8508e+03  8.0938e-01  6.1033e-02
  1.8519e+03  7.9945e-01  7.6297e-02
  1.8529e+03  8.8624e-01  6.3621e-02
  1.8540e+03  7.1242e-01  4.2877e-02
  1.8550e+03  8.3749e-01  7.6245e-02
  1.8561e+03  8.3289e-01  1.0156e-01
  1.8571e+03  8.4185e-01  1.3131e-01
  1.8582e+03  6.6490e-01  7.1046e-02
  1.8592e+03  8.8568e-01  1.5642e-01
  1.8603e+03  7.2462e-01  1.0995e-01
  1.8613e+03  5.2517e-01  9.3376e-02
  1.8624e+03  4.8451e-01  7.5809e-02
  1.8634e+03  8.5284e-01  1.4212e-01
  1.8645e+03  7.7554e-01  6.0326e-02
  1.8655e+03  6.7578e-01  1.1189e-01
  1.8666e+03  1.3428e+00  8.7545e-03
  1.8676e+03  9.7228e-01  9.9218e-02
  1.8687e+03  1.0518e+00  9.7306e-02
  1.8697e+03  9.1636e-01  1.3529e-01
  1.8708e+03  8.9939e-01  9.5405e-02
  1.8718e+03  8.3435e-01  1.1446e-01
  1.8729e+03  1.0094e+00  8.8658e-02
  1.8739e+03  9.5741e-01  1.2378e-01
  1.8750e+03  8.6444e-01  1.5130e-01
  1.8760e+03  5.1731e-01  7.4296e-02
  1.8771e+03  6.9065e-01  1.3487e-01
  1.8781e+03  7.9032e-01  1.2353e-01
  1.8792e+03  8.3338e-01  4.6178e-02
  1.8802e+03  1.0321e+00  2.2952e-01
  1.8813e+03  8.5081e-01  1.4929e-01
  1.8823e+03  7.8194e-01  1.4060e-01
  1.8834e+03  9.0994e-01  1.8175e-01
  1.8844e+03  8.6108e-01  7.5655e-02
  1.8855e+03  1.0823e+00  9.8225e-02
  1.8865e+03  5.5858e-01  9.1686e-02
  1.8876e+03  9.1357e-01  1.0968e-01
  1.8886e+03  6.7032e-01  7.4298e-02
  1.8897e+03  8.2662e-01  1.6503e-01
  1.8907e+03  8.2152e-01  1.0119e-01
  1.8918e+03  9.4865e-01  8.1566e-02
  1.8928e+03  6.4089e-01  1.1502e-01
  1.8939e+03  1.0075e+00  1.4328e-01
  1.8949e+03  7.8057e-01  9.7979e-02
  1.8960e+03  1.2033e+00  1.7435e-01
  1.8970e+03  9.8643e-01  1.4216e-01
  1.8981e+03  6.2712e-01  6.8474e-02
  1.8991e+03  8.9850e-01  1.1728e-01
  1.9002e+03  3.4819e-01  2.8255e-02
  1.9012e+03  1.1838e+00  1.8543e-01
  1.9023e+03  8.7718e-01  1.7119e-01
  1.9033e+03  1.0195e+00  8.2445e-02
  1.9044e+03  8.8268e-01  1.2171e-01
  1.9054e+03  7.2527e-01  1.2527e-01
  1.9065e+03  8.7982e-01  1.9312e-01
  1.9075e+03  7.3660e-01  1.2258e-01
  1.9086e+03  9.4605e-01  2.0334e-01
  1.9096e+03  8.4028e-01  1.7653e-01
  1.9107e+03  6.5713e-01  1.5501e-01
  1.9117e+03  6.8441e-01  1.0755e-01
  1.9128e+03  7.4769e-01  1.5360e-01
  1.9138e+03  6.4341e-01  1.1286e-01
  1.9149e+03  1.0197e+00  1.6300e-01
  1.9159e+03  9.1884e-01  9.9958e-02
  1.9170e+03  1.0286e+00  1.6455e-01
  1.9180e+03  9.2769e-01  1.2655e-01
  1.9191e+03  7.9249e-01  1.1082e-01
  1.9202e+03  7.9956e-01  1.1772e-01
  1.9212e+03  1.1402e+00  2.0133e-01
  1.9223e+03  9.5390e-01  1.2438e-01
  1.9233e+03  9.3628e-01  1.0127e-01
  1.9244e+03  8.0111e-01  1.5845e-01
  1.9254e+03  7.9770e-01  3.5411e-01
  1.9265e+03  5.3271e-01  1.2239e-01
  1.9275e+03  5.9960e-01  1.1014e-01
  1.9286e+03  8.9783e-01  2.2057e-01
  1.9296e+03  5.4331e-01  9.2642e-02
  1.9307e+03  9.5669e-01  1.3863e-01
  1.9317e+03  7.7995e-01  2.1506e-01
  1.9328e+03  1.0515e+00  1.4911e-01
  1.9338e+03  7.7514e-01  1.8153e-01
  1.9349e+03  9.8780e-01  1.9768e-01
  1.9359e+03  6.7810e-01  6.9254e-02
  1.9370e+03  3.7821e-01  6.1880e-02
  1.9380e+03  9.7847e-01  7.8757e-02
  1.9391e+03  5.8675e-01  1.5968e-01
  1.9401e+03  8.7664e-01  1.7695e-01
  1.9412e+03  7.2583e-01  7.2134e-02
  1.9422e+03  1.0227e+00  9.8029e-02
  1.9433e+03  1.0127e+00  1.0197e-01
  1.9443e+03  1.0230e+00  1.7271e-01
  1.9454e+03  9.2196e-01  1.8021e-01
  1.9464e+03  9.7531e-01  6.9129e-02
  1.9475e+03  9.8839e-01  2.0926e-01
  1.9485e+03  1.0001e+00  2.1250e-01
  1.9496e+03  1.0915e+00  1.6036e-01
  1.9506e+03  8.2954e-01  2.1136e-01
  1.9517e+03  8.4148e-01  1.3322e-01
  1.9527e+03  6.3151e-01  1.8692e-01
  1.9538e+03  9.7102e-01  1.8426e-01
  1.9548e+03  7.9109e-01  1.8518e-01
  1.9559e+03  8.0820e-01  1.1104e-01
  1.9569e+03  7.1526e-01  1.2887e-01
  1.9580e+03  7.3212e-01  1.6139e-01
  1.9590e+03  6.6986e-01  1.4721e-01
  1.9601e+03  1.0619e+00  1.5096e-01
  1.9611e+03  7.7163e-01  2.7538e-01
  1.9622e+03  5.6014e-01  1.4839e-01
  1.9632e+03  8.0179e-01  1.8595e-01
  1.9643e+03  8.5314e-01  1.3733e-01
  1.9653e+03  7.5590e-01  2.1898e-01
  1.9664e+03  7.3820e-01  1.4483e-01
  1.9674e+03  6.7429e-01  1.9191e-01
  1.9685e+03  9.0314e-01  7.8443e-02
  1.9695e+03  1.2028e+00  1.6835e-01
  1.9706e+03  4.9913e-01  7.7519e-02
  1.9716e+03  8.7905e-01  8.9710e-02
  1.9727e+03  1.1982e+00  3.6878e-01
  1.9737e+03  7.9372e-01  1.0565e-01
  1.9748e+03  6.5485e-01  1.2739e-01
  1.9758e+03  1.2303e+00  1.7472e-01
  1.9769e+03  4.7911e-01  1.2864e-01
  1.9779e+03  6.1398e-01  1.3409e-01
  1.9790e+03  5.4046e-01  2.3973e-01
  1.9800e+03  4.9620e-01  2.7974e-01
  1.9811e+03  1.0496e+00  9.7561e-02
  1.9821e+03  7.5859e-01  7.2176e-02
  1.9832e+03  8.8775e-01  1.2507e-01
  1.9842e+03  6.6808e-01  1.0423e-01
  1.9853e+03  5.9408e-01  4.2510e-01
  1.9863e+03  7.2916e-01  1.3478e-01
  1.9874e+03  6.0456e-01  1.3531e-01
  1.9884e+03  6.2380e-02  1.7810e-01
  1.9895e+03  5.7189e-01  1.3843e-01
  1.9905e+03  8.2585e-01  1.5386e-01
  1.9916e+03  0.0000e+00  0.0000e+00
  1.9926e+03  5.6339e-01  1.4095e-01
  1.9937e+03  7.6571e-01  1.8557e-01
  1.9947e+03  1.1448e+00  2.6093e-01
  1.9958e+03  8.1805e-01  6.6728e-02
  1.9968e+03  1.0322e+00  2.4733e-01
  1.9979e+03  8.7595e-02  1.8813e-01
