  8.8000e+02 -4.0008e-02  3.0464e-01
  8.8105e+02 -1.7922e-01  2.3937e-01
  8.8210e+02  2.8550e-01  3.5490e-01
  8.8315e+02  2.1849e-01  3.3243e-01
  8.8420e+02 -3.0950e-01  3.6227e-01
  8.8525e+02  3.3068e-02  2.3752e-01
  8.8630e+02 -3.5811e-01  2.2196e-01
  8.8735e+02 -2.6680e-01  1.1225e-01
  8.8841e+02  4.5738e-02  2.0724e-01
  8.8946e+02 -1.5173e-02  1.2680e-01
  8.9051e+02 -4.3108e-01  2.0297e-01
  8.9156e+02 -1.3160e-01  3.6270e-01
  8.9261e+02  4.8393e-02  1.8526e-01
  8.9366e+02 -1.4528e-01  7.1085e-02
  8.9471e+02  4.5461e-01  2.5428e-01
  8.9576e+02  2.1479e-01  3.4068e-01
  8.9681e+02 -8.2326e-02  1.4160e-01
  8.9786e+02  2.4580e-01  2.6206e-01
  8.9891e+02  1.3201e-01  6.8664e-02
  8.9996e+02 -4.2117e-01  2.7763e-01
  9.0101e+02 -1.4367e-01  2.0454e-01
  9.0206e+02  1.1271e-01  9.0869e-02
  9.0311e+02  1.3602e-01  2.4151e-01
  9.0417e+02  5.3682e-02  2.4039e-01
  9.0522e+02 -1.9773e-01  1.9916e-01
  9.0627e+02  4.4887e-01  2.1068e-01
  9.0732e+02  5.0765e-02  1.4263e-01
  9.0837e+02 -1.1877e-01  1.7228e-01
  9.0942e+02  3.6952e-01  1.6072e-01
  9.1047e+02 -3.6696e-01  2.4634e-01
  9.1152e+02  1.1669e-01  2.4718e-01
  9.1257e+02 -4.1296e-02  2.7434e-01
  9.1362e+02 -7.2944e-02  1.8100e-01
  9.1467e+02  2.8803e-01  1.7512e-01
  9.1572e+02 -3.3355e-01  1.4807e-01
  9.1677e+02  2.1541e-01  3.4646e-01
  9.1782e+02 -3.7622e-01  1.2349e-01
  9.1887e+02  1.7524e-01  1.5456e-01
  9.1992e+02  4.0773e-02  1.3910e-01
  9.2098e+02 -1.4861e-01  1.1093e-01
  9.2203e+02  3.9862e-01  1.5175e-01
  9.2308e+02 -6.7520e-02  1.4767e-01
  9.2413e+02  1.5474e-01  2.3951e-01
  9.2518e+02  5.6086e-01  2.5207e-01
  9.2623e+02  5.9975e-01  1.5668e-01
  9.2728e+02  2.6139e-01  1.3879e-01
  9.2833e+02  7.0850e-01  2.3458e-01
  9.2938e+02  8.8597e-01  1.7570e-01
  9.3043e+02  2.8592e-01  1.6996e-01
  9.3148e+02  4.7473e-01  9.7973e-02
  9.3253e+02  4.8924e-01  2.3604e-01
  9.3358e+02  5.5591e-01  1.9584e-01
  9.3463e+02  4.9366e-01  1.3249e-01
  9.3568e+02  3.7148e-01  2.7195e-01
  9.3674e+02  4.1703e-01  2.0276e-01
  9.3779e+02  5.2855e-01  1.6311e-01
  9.3884e+02  4.1781e-01  1.5276e-01
  9.3989e+02  4.9944e-01  1.4771e-01
  9.4094e+02  5.4797e-01  1.6973e-01
  9.4199e+02  5.6042e-01  2.4608e-01
  9.4304e+02  3.4261e-01  1.5485e-01
  9.4409e+02  1.4404e-01  8.3559e-02
  9.4514e+02  2.5770e-01  2.6697e-01
  9.4619e+02  6.7962e-01  1.5245e-01
  9.4724e+02  5.2275e-01  1.4454e-01
  9.4829e+02  5.9802e-01  7.9212e-02
  9.4934e+02  2.5132e-01  2.0622e-01
  9.5039e+02  7.2561e-01  6.9438e-02
  9.5144e+02  3.8784e-01  8.6312e-02
  9.5250e+02  9.9547e-01  1.2881e-01
  9.5355e+02  6.5976e-01  1.4639e-01
  9.5460e+02  7.2665e-01  2.0879e-01
  9.5565e+02  7.9927e-01  1.2663e-01
  9.5670e+02  8.3647e-01  1.4149e-01
  9.5775e+02  9.9433e-01  1.2770e-01
  9.5880e+02  7.1331e-01  1.9118e-01
  9.5985e+02  5.7501e-01  1.3771e-01
  9.6090e+02  5.3175e-01  2.4705e-01
  9.6195e+02  6.9054e-01  1.8348e-01
  9.6300e+02  5.4851e-01  1.1728e-01
  9.6405e+02  7.3187e-01  1.4573e-01
  9.6510e+02  6.2935e-01  1.4984e-01
  9.6615e+02  5.6086e-01  1.6660e-01
  9.6720e+02  3.6202e-01  2.2221e-01
  9.6826e+02  1.8884e-01  1.2706e-01
  9.6931e+02  5.8408e-01  9.3945e-02
  9.7036e+02  1.0970e-01  1.1081e-01
  9.7141e+02  3.8666e-01  1.1022e-01
  9.7246e+02  6.3602e-02  1.0249e-01
  9.7351e+02  3.6600e-01  1.8908e-01
  9.7456e+02  3.9226e-01  8.3882e-02
  9.7561e+02  2.5349e-01  9.2052e-02
  9.7666e+02  4.7087e-01  9.1207e-02
  9.7771e+02  3.5085e-01  1.3589e-01
  9.7876e+02  9.2783e-01  1.3268e-01
  9.7981e+02  6.5981e-01  1.5306e-01
  9.8086e+02  7.4392e-01  1.3896e-01
  9.8191e+02  6.4845e-01  2.1872e-01
  9.8296e+02  4.7658e-01  9.0162e-02
  9.8402e+02  2.2729e-01  9.7107e-02
  9.8507e+02  5.1606e-01  6.5953e-02
  9.8612e+02  4.4990e-01  1.0497e-01
  9.8717e+02  5.6242e-01  1.4728e-01
  9.8822e+02  7.8586e-01  7.9937e-02
  9.8927e+02  5.6819e-01  1.0824e-01
  9.9032e+02  8.2705e-01  1.5747e-01
  9.9137e+02  6.5278e-01  1.8499e-01
  9.9242e+02  8.7580e-01  1.5614e-01
  9.9347e+02  5.3739e-01  1.4697e-01
  9.9452e+02  6.8026e-01  1.5936e-01
  9.9557e+02  8.6664e-01  9.7543e-02
  9.9662e+02  9.1422e-01  1.5451e-01
  9.9767e+02  8.4940e-01  1.0056e-01
  9.9872e+02  8.2118e-01  1.1120e-01
  9.9977e+02  9.0690e-01  1.3516e-01
  1.0008e+03  7.3805e-01  1.4616e-01
  1.0019e+03  6.8571e-01  1.2756e-01
  1.0029e+03  7.0334e-01  1.3800e-01
  1.0040e+03  6.9095e-01  1.4910e-01
  1.0050e+03  8.5269e-01  1.2078e-01
  1.0061e+03  8.7082e-01  9.7078e-02
  1.0071e+03  5.3294e-01  9.4157e-02
  1.0082e+03  6.4697e-01  1.4257e-01
  1.0092e+03  3.8763e-01  1.6406e-01
  1.0103e+03  6.7653e-01  1.2259e-01
  1.0113e+03  6.6573e-01  9.7772e-02
  1.0124e+03  7.5993e-01  1.3367e-01
  1.0134e+03  6.0293e-01  1.5016e-01
  1.0145e+03  7.1185e-01  1.5001e-01
  1.0155e+03  6.8838e-01  1.3438e-01
  1.0166e+03  6.4185e-01  8.7685e-02
  1.0176e+03  4.9193e-01  7.1840e-02
  1.0187e+03  7.9478e-01  9.5218e-02
  1.0197e+03  7.1353e-01  9.2304e-02
  1.0208e+03  5.6152e-01  1.2416e-01
  1.0218e+03  7.6327e-01  1.2587e-01
  1.0229e+03  6.6725e-01  1.1565e-01
  1.0239e+03  4.7911e-01  9.6482e-02
  1.0250e+03  5.3853e-01  1.3371e-01
  1.0260e+03  6.3925e-01  1.0781e-01
  1.0271e+03  4.9563e-01  1.1849e-01
  1.0281e+03  9.1020e-01  1.0967e-01
  1.0292e+03  8.6612e-01  1.1741e-01
  1.0302e+03  6.2313e-01  1.3269e-01
  1.0313e+03  7.1575e-01  1.3063e-01
  1.0323e+03  8.3242e-01  1.4396e-01
  1.0334e+03  9.3779e-01  1.4963e-01
  1.0344e+03  8.6716e-01  1.5695e-01
  1.0355e+03  1.1527e+00  9.7199e-02
  1.0365e+03  1.1006e+00  8.9404e-02
  1.0376e+03  8.9231e-01  9.6414e-02
  1.0386e+03  9.7281e-01  1.3571e-01
  1.0397e+03  1.0158e+00  1.4226e-01
  1.0408e+03  8.9952e-01  1.1012e-01
  1.0418e+03  1.4542e+00  8.5174e-02
  1.0429e+03  8.9444e-01  1.1715e-01
  1.0439e+03  8.7195e-01  1.1179e-01
  1.0450e+03  1.0766e+00  1.0687e-01
  1.0460e+03  1.0206e+00  1.1537e-01
  1.0471e+03  8.2814e-01  8.2527e-02
  1.0481e+03  7.4848e-01  1.3223e-01
  1.0492e+03  8.0865e-01  1.1111e-01
  1.0502e+03  7.0506e-01  1.2292e-01
  1.0513e+03  8.0465e-01  1.0827e-01
  1.0523e+03  9.7158e-01  9.0594e-02
  1.0534e+03  7.6422e-01  9.8996e-02
  1.0544e+03  9.2766e-01  7.7664e-02
  1.0555e+03  1.0759e+00  7.4290e-02
  1.0565e+03  9.0625e-01  9.4936e-02
  1.0576e+03  7.5904e-01  1.1863e-01
  1.0586e+03  9.3984e-01  7.5113e-02
  1.0597e+03  9.2813e-01  6.7202e-02
  1.0607e+03  7.6273e-01  7.6325e-02
  1.0618e+03  1.0371e+00  8.2126e-02
  1.0628e+03  7.5251e-01  9.2585e-02
  1.0639e+03  9.9722e-01  9.0536e-02
  1.0649e+03  9.5519e-01  1.1223e-01
  1.0660e+03  7.2244e-01  8.5443e-02
  1.0670e+03  5.9472e-01  7.1101e-02
  1.0681e+03  8.1371e-01  7.3853e-02
  1.0691e+03  8.1068e-01  8.0939e-02
  1.0702e+03  8.4746e-01  7.7438e-02
  1.0712e+03  7.0003e-01  9.6587e-02
  1.0723e+03  7.1762e-01  9.5152e-02
  1.0733e+03  8.6097e-01  1.3802e-01
  1.0744e+03  5.0327e-01  1.0270e-01
  1.0754e+03  8.1034e-01  7.4957e-02
  1.0765e+03  6.0799e-01  1.1528e-01
  1.0775e+03  7.6123e-01  7.4681e-02
  1.0786e+03  9.6901e-01  9.4328e-02
  1.0796e+03  5.6733e-01  1.0792e-01
  1.0807e+03  8.7264e-01  5.1917e-02
  1.0817e+03  6.5324e-01  1.0617e-01
  1.0828e+03  6.4212e-01  1.0424e-01
  1.0838e+03  6.2521e-01  8.8486e-02
  1.0849e+03  8.7202e-01  8.5700e-02
  1.0859e+03  7.2888e-01  1.0236e-01
  1.0870e+03  7.6695e-01  9.0899e-02
  1.0880e+03  8.3749e-01  1.1078e-01
  1.0891e+03  7.6691e-01  9.1924e-02
  1.0901e+03  9.3047e-01  8.7627e-02
  1.0912e+03  7.9959e-01  6.8364e-02
  1.0922e+03  8.6023e-01  7.0768e-02
  1.0933e+03  8.3538e-01  9.8329e-02
  1.0943e+03  8.7991e-01  8.1202e-02
  1.0954e+03  8.0555e-01  8.5982e-02
  1.0964e+03  7.6292e-01  1.0443e-01
  1.0975e+03  8.4959e-01  1.1195e-01
  1.0985e+03  5.3694e-01  1.1999e-01
  1.0996e+03  7.8090e-01  5.3534e-02
  1.1006e+03  7.2040e-01  9.6019e-02
  1.1017e+03  7.6957e-01  7.0463e-02
  1.1027e+03  9.2731e-01  9.2988e-02
  1.1038e+03  7.0732e-01  8.3463e-02
  1.1048e+03  8.9937e-01  6.8664e-02
  1.1059e+03  6.1187e-01  9.5016e-02
  1.1069e+03  8.0584e-01  9.3183e-02
  1.1080e+03  5.1837e-01  1.0042e-01
  1.1090e+03  7.8200e-01  6.1195e-02
  1.1101e+03  8.3346e-01  8.5465e-02
  1.1111e+03  8.3254e-01  8.9776e-02
  1.1122e+03  6.8014e-01  7.3557e-02
  1.1132e+03  7.9944e-01  1.1783e-01
  1.1143e+03  9.2347e-01  1.1480e-01
  1.1153e+03  6.4478e-01  9.5885e-02
  1.1164e+03  6.1362e-01  7.5024e-02
  1.1174e+03  6.8829e-01  7.2951e-02
  1.1185e+03  6.8366e-01  7.0467e-02
  1.1195e+03  7.0959e-01  7.0645e-02
  1.1206e+03  6.6932e-01  9.6823e-02
  1.1217e+03  9.4202e-01  6.3218e-02
  1.1227e+03  6.9845e-01  6.9805e-02
  1.1238e+03  8.0856e-01  4.5181e-02
  1.1248e+03  6.0446e-01  8.0178e-02
  1.1259e+03  8.9207e-01  7.0447e-02
  1.1269e+03  6.9603e-01  5.5292e-02
  1.1280e+03  6.8551e-01  1.1623e-01
  1.1290e+03  5.0309e-01  8.7606e-02
  1.1301e+03  8.4943e-01  6.4964e-02
  1.1311e+03  6.2614e-01  8.8115e-02
  1.1322e+03  9.9366e-01  8.4430e-02
  1.1332e+03  9.2706e-01  6.6570e-02
  1.1343e+03  5.6813e-01  8.1040e-02
  1.1353e+03  7.9172e-01  9.1246e-02
  1.1364e+03  8.8175e-01  6.1405e-02
  1.1374e+03  8.3255e-01  6.6450e-02
  1.1385e+03  8.4212e-01  8.7929e-02
  1.1395e+03  5.8436e-01  1.0164e-01
  1.1406e+03  8.8594e-01  1.0434e-01
  1.1416e+03  5.9874e-01  7.6674e-02
  1.1427e+03  7.1861e-01  8.0221e-02
  1.1437e+03  8.0141e-01  9.5940e-02
  1.1448e+03  7.5198e-01  6.8878e-02
  1.1458e+03  1.0845e+00  6.6512e-02
  1.1469e+03  1.0173e+00  8.9821e-02
  1.1479e+03  7.3338e-01  9.9358e-02
  1.1490e+03  7.2354e-01  9.5979e-02
  1.1500e+03  6.6130e-01  9.9856e-02
  1.1511e+03  6.3291e-01  8.1100e-02
  1.1521e+03  6.1524e-01  1.1338e-01
  1.1532e+03  7.7855e-01  8.6834e-02
  1.1542e+03  7.6906e-01  6.7273e-02
  1.1553e+03  8.0307e-01  8.5105e-02
  1.1563e+03  8.5641e-01  1.0286e-01
  1.1574e+03  6.3415e-01  1.1516e-01
  1.1584e+03  6.5613e-01  1.0465e-01
  1.1595e+03  9.3129e-01  4.2891e-02
  1.1605e+03  8.3726e-01  8.5343e-02
  1.1616e+03  5.9270e-01  9.3400e-02
  1.1626e+03  7.4642e-01  6.1931e-02
  1.1637e+03  7.8634e-01  1.1778e-01
  1.1647e+03  1.0303e+00  7.6507e-02
  1.1658e+03  7.8258e-01  4.5772e-02
  1.1668e+03  5.4209e-01  6.7434e-02
  1.1679e+03  5.7864e-01  6.9616e-02
  1.1689e+03  8.6279e-01  1.1595e-01
  1.1700e+03  7.2073e-01  1.1013e-01
  1.1710e+03  7.6628e-01  7.6728e-02
  1.1721e+03  1.0044e+00  7.8851e-02
  1.1731e+03  5.5276e-01  5.9249e-02
  1.1742e+03  7.2181e-01  7.6353e-02
  1.1752e+03  3.3433e-01  8.3184e-02
  1.1763e+03  7.1366e-01  6.7839e-02
  1.1773e+03  7.5194e-01  7.6161e-02
  1.1784e+03  7.5046e-01  6.4212e-02
  1.1794e+03  7.8009e-01  8.7768e-02
  1.1805e+03  7.3114e-01  7.4311e-02
  1.1815e+03  6.4374e-01  6.8499e-02
  1.1826e+03  5.7368e-01  8.2093e-02
  1.1836e+03  1.0219e+00  7.9572e-02
  1.1847e+03  5.6193e-01  9.5544e-02
  1.1857e+03  7.7819e-01  5.4707e-02
  1.1868e+03  4.8068e-01  9.1816e-02
  1.1878e+03  6.4303e-01  1.1268e-01
  1.1889e+03  6.1162e-01  7.4491e-02
  1.1899e+03  9.6640e-01  8.4332e-02
  1.1910e+03  7.6542e-01  1.0665e-01
  1.1920e+03  5.7037e-01  9.4442e-02
  1.1931e+03  8.3870e-01  8.9908e-02
  1.1941e+03  8.3299e-01  7.1723e-02
  1.1952e+03  8.8918e-01  7.3653e-02
  1.1962e+03  8.5350e-01  6.9842e-02
  1.1973e+03  7.9180e-01  7.8605e-02
  1.1983e+03  8.8906e-01  4.9046e-02
  1.1994e+03  9.7944e-01  8.9044e-02
  1.2005e+03  5.6391e-01  8.4078e-02
  1.2015e+03  8.7277e-01  9.5774e-02
  1.2026e+03  8.3452e-01  8.8005e-02
  1.2036e+03  8.2618e-01  1.0049e-01
  1.2047e+03  8.8328e-01  7.8771e-02
  1.2057e+03  8.1598e-01  1.2585e-01
  1.2068e+03  7.2857e-01  9.4937e-02
  1.2078e+03  6.0184e-01  1.0531e-01
  1.2089e+03  9.2384e-01  1.0810e-01
  1.2099e+03  1.1300e+00  1.3810e-01
  1.2110e+03  1.3931e+00  1.0984e-01
  1.2120e+03  2.1687e+00  1.7105e-01
  1.2131e+03  3.3721e+00  3.4503e-01
  1.2141e+03  6.6261e+00  6.5200e-01
  1.2152e+03  8.8599e+00  8.7489e-01
  1.2162e+03  1.2744e+01  8.4231e-01
  1.2173e+03  1.1039e+01  1.0966e+00
  1.2183e+03  7.0536e+00  6.1060e-01
  1.2194e+03  4.3220e+00  5.0560e-01
  1.2204e+03  2.4944e+00  2.4551e-01
  1.2215e+03  1.7021e+00  1.4570e-01
  1.2225e+03  1.3563e+00  1.2562e-01
  1.2236e+03  1.2205e+00  1.1059e-01
  1.2246e+03  1.3367e+00  7.7392e-02
  1.2257e+03  8.8057e-01  1.1091e-01
  1.2267e+03  1.0736e+00  1.3051e-01
  1.2278e+03  1.0984e+00  7.5512e-02
  1.2288e+03  1.0324e+00  6.3235e-02
  1.2299e+03  1.1088e+00  1.1000e-01
  1.2309e+03  6.1356e-01  1.1191e-01
  1.2320e+03  1.0198e+00  8.4031e-02
  1.2330e+03  9.1603e-01  8.2768e-02
  1.2341e+03  8.5426e-01  1.1634e-01
  1.2351e+03  9.9109e-01  1.3395e-01
  1.2362e+03  1.0128e+00  1.0269e-01
  1.2372e+03  1.1673e+00  1.0393e-01
  1.2383e+03  1.0766e+00  8.7046e-02
  1.2393e+03  1.1082e+00  9.9914e-02
  1.2404e+03  1.4229e+00  1.1739e-01
  1.2414e+03  8.7074e-01  8.6546e-02
  1.2425e+03  1.1942e+00  1.2211e-01
  1.2435e+03  1.1960e+00  8.5076e-02
  1.2446e+03  1.5089e+00  9.0942e-02
  1.2456e+03  1.2657e+00  8.3335e-02
  1.2467e+03  9.8696e-01  5.1300e-02
  1.2477e+03  1.0605e+00  8.7750e-02
  1.2488e+03  1.1312e+00  1.1144e-01
  1.2498e+03  1.2929e+00  1.0248e-01
  1.2509e+03  1.0840e+00  5.3643e-02
  1.2519e+03  9.6345e-01  6.9158e-02
  1.2530e+03  1.0934e+00  7.3861e-02
  1.2540e+03  1.1910e+00  7.0836e-02
  1.2551e+03  1.2210e+00  8.7510e-02
  1.2561e+03  9.4770e-01  7.5052e-02
  1.2572e+03  8.6208e-01  8.7305e-02
  1.2582e+03  9.1455e-01  6.2061e-02
  1.2593e+03  7.9501e-01  5.4386e-02
  1.2603e+03  9.2517e-01  5.7474e-02
  1.2614e+03  8.3590e-01  8.0131e-02
  1.2624e+03  1.1129e+00  6.4637e-02
  1.2635e+03  1.1463e+00  9.3904e-02
  1.2645e+03  1.0101e+00  9.2764e-02
  1.2656e+03  1.1340e+00  7.0296e-02
  1.2666e+03  1.0220e+00  4.7278e-02
  1.2677e+03  1.2176e+00  9.1192e-02
  1.2687e+03  1.1478e+00  8.9062e-02
  1.2698e+03  9.0227e-01  9.4649e-02
  1.2708e+03  1.2349e+00  6.4379e-02
  1.2719e+03  1.0799e+00  9.1318e-02
  1.2729e+03  9.5786e-01  7.3901e-02
  1.2740e+03  1.0398e+00  4.8850e-02
  1.2750e+03  7.0122e-01  9.4660e-02
  1.2761e+03  1.1033e+00  4.8746e-02
  1.2771e+03  9.9267e-01  6.8547e-02
  1.2782e+03  9.8455e-01  6.4220e-02
  1.2792e+03  8.5082e-01  6.8291e-02
  1.2803e+03  1.1458e+00  7.8844e-02
  1.2814e+03  9.5748e-01  5.0493e-02
  1.2824e+03  8.6133e-01  6.4311e-02
  1.2835e+03  1.0990e+00  6.9463e-02
  1.2845e+03  9.8143e-01  8.4142e-02
  1.2856e+03  1.1910e+00  9.7635e-02
  1.2866e+03  1.0876e+00  5.2228e-02
  1.2877e+03  8.9095e-01  5.2357e-02
  1.2887e+03  9.2577e-01  9.9140e-02
  1.2898e+03  9.0240e-01  4.9338e-02
  1.2908e+03  8.7240e-01  6.6763e-02
  1.2919e+03  1.0954e+00  8.4428e-02
  1.2929e+03  9.8546e-01  5.8484e-02
  1.2940e+03  9.6993e-01  5.2478e-02
  1.2950e+03  8.0280e-01  5.8618e-02
  1.2961e+03  8.9369e-01  7.8557e-02
  1.2971e+03  9.6769e-01  5.0854e-02
  1.2982e+03  8.9068e-01  1.1087e-01
  1.2992e+03  1.1730e+00  6.4665e-02
  1.3003e+03  8.0887e-01  5.7785e-02
  1.3013e+03  9.9540e-01  9.0299e-02
  1.3024e+03  9.8857e-01  4.9586e-02
  1.3034e+03  9.1588e-01  9.7113e-02
  1.3045e+03  1.0467e+00  6.2287e-02
  1.3055e+03  1.0011e+00  4.8108e-02
  1.3066e+03  1.2942e+00  5.1505e-02
  1.3076e+03  1.0598e+00  7.8298e-02
  1.3087e+03  1.2821e+00  6.5354e-02
  1.3097e+03  1.3388e+00  8.6254e-02
  1.3108e+03  1.1251e+00  9.1239e-02
  1.3118e+03  9.1567e-01  6.1492e-02
  1.3129e+03  8.9074e-01  5.0996e-02
  1.3139e+03  1.1418e+00  7.6716e-02
  1.3150e+03  7.9619e-01  6.7275e-02
  1.3160e+03  1.0916e+00  7.5954e-02
  1.3171e+03  1.0090e+00  4.9926e-02
  1.3181e+03  9.3599e-01  8.3162e-02
  1.3192e+03  8.4171e-01  6.8081e-02
  1.3202e+03  8.6203e-01  7.3026e-02
  1.3213e+03  9.8237e-01  9.1345e-02
  1.3223e+03  9.4760e-01  6.2628e-02
  1.3234e+03  9.8642e-01  9.2977e-02
  1.3244e+03  1.0807e+00  6.6915e-02
  1.3255e+03  1.0186e+00  7.2429e-02
  1.3265e+03  1.0834e+00  9.2505e-02
  1.3276e+03  1.0342e+00  9.1492e-02
  1.3286e+03  1.0533e+00  5.2705e-02
  1.3297e+03  1.0619e+00  7.8349e-02
  1.3307e+03  9.5253e-01  9.5856e-02
  1.3318e+03  1.0409e+00  8.8423e-02
  1.3328e+03  8.3110e-01  7.0168e-02
  1.3339e+03  6.9224e-01  9.4677e-02
  1.3349e+03  1.1328e+00  5.5873e-02
  1.3360e+03  1.0324e+00  5.3934e-02
  1.3370e+03  1.4579e+00  8.3510e-02
  1.3381e+03  1.0696e+00  7.6692e-02
  1.3391e+03  1.1174e+00  6.6302e-02
  1.3402e+03  1.1541e+00  8.8585e-02
  1.3412e+03  1.0167e+00  6.2678e-02
  1.3423e+03  9.5455e-01  1.0180e-01
  1.3433e+03  9.7379e-01  6.5447e-02
  1.3444e+03  9.4784e-01  7.1746e-02
  1.3454e+03  9.8999e-01  7.9792e-02
  1.3465e+03  1.0107e+00  5.8161e-02
  1.3475e+03  1.0286e+00  9.0429e-02
  1.3486e+03  9.8072e-01  1.1986e-01
  1.3496e+03  8.9385e-01  8.3420e-02
  1.3507e+03  1.1802e+00  1.0877e-01
  1.3517e+03  1.0483e+00  3.4101e-02
  1.3528e+03  8.3075e-01  6.0450e-02
  1.3538e+03  1.0301e+00  9.0152e-02
  1.3549e+03  9.7627e-01  5.3547e-02
  1.3559e+03  1.2720e+00  8.8647e-02
  1.3570e+03  1.0231e+00  8.7926e-02
  1.3580e+03  8.2395e-01  9.8174e-02
  1.3591e+03  1.0818e+00  1.2499e-01
  1.3602e+03  8.6929e-01  5.7078e-02
  1.3612e+03  1.0096e+00  8.6824e-02
  1.3623e+03  9.5213e-01  8.9780e-02
  1.3633e+03  6.6561e-01  8.9117e-02
  1.3644e+03  1.0490e+00  7.0117e-02
  1.3654e+03  9.7690e-01  3.6721e-02
  1.3665e+03  8.5376e-01  8.9725e-02
  1.3675e+03  1.2201e+00  5.6481e-02
  1.3686e+03  1.0484e+00  7.7120e-02
  1.3696e+03  1.0070e+00  7.6551e-02
  1.3707e+03  8.9493e-01  6.1235e-02
  1.3717e+03  8.9286e-01  7.1592e-02
  1.3728e+03  9.8991e-01  7.8595e-02
  1.3738e+03  8.4340e-01  7.1401e-02
  1.3749e+03  9.6798e-01  7.0885e-02
  1.3759e+03  1.1759e+00  4.2461e-02
  1.3770e+03  1.0200e+00  9.0431e-02
  1.3780e+03  1.1573e+00  4.9985e-02
  1.3791e+03  1.2005e+00  5.3411e-02
  1.3801e+03  1.1405e+00  8.7208e-02
  1.3812e+03  1.1407e+00  9.2989e-02
  1.3822e+03  1.0047e+00  6.0990e-02
  1.3833e+03  1.1603e+00  1.4540e-01
  1.3843e+03  9.0223e-01  9.2236e-02
  1.3854e+03  9.5553e-01  8.3715e-02
  1.3864e+03  9.2250e-01  1.2015e-01
  1.3875e+03  9.4942e-01  9.9241e-02
  1.3885e+03  1.0447e+00  9.9583e-02
  1.3896e+03  9.4798e-01  1.2847e-01
  1.3906e+03  8.8652e-01  5.3743e-02
  1.3917e+03  8.1554e-01  7.3156e-02
  1.3927e+03  9.9479e-01  1.2195e-01
  1.3938e+03  7.9567e-01  7.8840e-02
  1.3948e+03  1.0086e+00  1.2852e-01
  1.3959e+03  1.1901e+00  8.7256e-02
  1.3969e+03  9.7234e-01  7.5889e-02
  1.3980e+03  1.0186e+00  8.0725e-02
  1.3990e+03  8.7424e-01  8.0717e-02
  1.4001e+03  1.0056e+00  1.0812e-01
  1.4011e+03  9.4009e-01  9.1485e-02
  1.4022e+03  1.0930e+00  5.3894e-02
  1.4032e+03  8.1211e-01  7.4950e-02
  1.4043e+03  9.9556e-01  1.1249e-01
  1.4053e+03  1.0186e+00  8.1776e-02
  1.4064e+03  1.0075e+00  7.6184e-02
  1.4074e+03  1.0295e+00  7.9741e-02
  1.4085e+03  9.8851e-01  7.2682e-02
  1.4095e+03  1.2503e+00  5.3654e-02
  1.4106e+03  8.4028e-01  1.2478e-01
  1.4116e+03  1.0306e+00  7.3263e-02
  1.4127e+03  1.0745e+00  6.3875e-02
  1.4137e+03  1.0177e+00  5.4161e-02
  1.4148e+03  7.8220e-01  8.8825e-02
  1.4158e+03  9.8297e-01  6.0383e-02
  1.4169e+03  8.2426e-01  1.0871e-01
  1.4179e+03  1.0136e+00  8.6894e-02
  1.4190e+03  7.6625e-01  8.8915e-02
  1.4200e+03  1.0794e+00  8.6657e-02
  1.4211e+03  1.0033e+00  4.5903e-02
  1.4221e+03  1.0009e+00  6.0299e-02
  1.4232e+03  9.1746e-01  6.7091e-02
  1.4242e+03  9.9108e-01  9.7398e-02
  1.4253e+03  9.1449e-01  7.1778e-02
  1.4263e+03  1.0380e+00  1.1860e-01
  1.4274e+03  9.0785e-01  8.8513e-02
  1.4284e+03  9.3742e-01  7.5737e-02
  1.4295e+03  8.0568e-01  7.6586e-02
  1.4305e+03  1.1159e+00  9.4764e-02
  1.4316e+03  9.8832e-01  1.0049e-01
  1.4326e+03  9.3823e-01  5.0773e-02
  1.4337e+03  1.1523e+00  9.1781e-02
  1.4347e+03  7.6116e-01  9.5233e-02
  1.4358e+03  1.0791e+00  8.7258e-02
  1.4368e+03  9.3487e-01  6.3015e-02
  1.4379e+03  1.0180e+00  6.0906e-02
  1.4389e+03  8.2575e-01  6.2035e-02
  1.4400e+03  7.8194e-01  1.2287e-01
  1.4411e+03  8.6603e-01  8.5570e-02
  1.4421e+03  9.8467e-01  5.5711e-02
  1.4432e+03  1.0691e+00  8.3070e-02
  1.4442e+03  1.0490e+00  7.4788e-02
  1.4453e+03  9.3040e-01  1.1419e-01
  1.4463e+03  1.0210e+00  9.2375e-02
  1.4474e+03  8.0630e-01  5.0185e-02
  1.4484e+03  8.7469e-01  9.9457e-02
  1.4495e+03  1.0164e+00  7.9295e-02
  1.4505e+03  1.0276e+00  1.3509e-01
  1.4516e+03  9.3528e-01  8.5445e-02
  1.4526e+03  1.1800e+00  8.9076e-02
  1.4537e+03  8.7583e-01  9.2807e-02
  1.4547e+03  7.7760e-01  7.5379e-02
  1.4558e+03  1.0705e+00  1.0378e-01
  1.4568e+03  9.7307e-01  8.2392e-02
  1.4579e+03  1.0929e+00  1.2126e-01
  1.4589e+03  8.4209e-01  8.1378e-02
  1.4600e+03  8.7702e-01  1.2450e-01
  1.4610e+03  1.0114e+00  1.5347e-01
  1.4621e+03  9.9889e-01  5.9100e-02
  1.4631e+03  9.6277e-01  6.4327e-02
  1.4642e+03  1.1079e+00  8.9850e-02
  1.4652e+03  9.6067e-01  1.3136e-01
  1.4663e+03  6.9850e-01  1.0641e-01
  1.4673e+03  9.1082e-01  7.8233e-02
  1.4684e+03  8.8985e-01  1.1070e-01
  1.4694e+03  9.9483e-01  1.0259e-01
  1.4705e+03  9.2432e-01  9.8297e-02
  1.4715e+03  9.2568e-01  4.9531e-02
  1.4726e+03  9.4692e-01  1.0219e-01
  1.4736e+03  7.6070e-01  1.1395e-01
  1.4747e+03  9.9555e-01  7.5401e-02
  1.4757e+03  8.6848e-01  9.4413e-02
  1.4768e+03  1.0698e+00  1.1303e-01
  1.4778e+03  8.8500e-01  1.1016e-01
  1.4789e+03  8.7914e-01  8.2622e-02
  1.4799e+03  8.6047e-01  1.1080e-01
  1.4810e+03  8.3194e-01  1.0654e-01
  1.4820e+03  8.9711e-01  1.5006e-01
  1.4831e+03  8.3251e-01  5.0743e-02
  1.4841e+03  8.6026e-01  5.9350e-02
  1.4852e+03  9.8300e-01  9.4371e-02
  1.4862e+03  9.5341e-01  5.5030e-02
  1.4873e+03  9.7758e-01  1.0793e-01
  1.4883e+03  8.8850e-01  9.5202e-02
  1.4894e+03  9.5393e-01  1.1670e-01
  1.4904e+03  1.1080e+00  9.9103e-02
  1.4915e+03  1.0646e+00  1.1021e-01
  1.4925e+03  9.9101e-01  7.0365e-02
  1.4936e+03  1.0523e+00  9.1725e-02
  1.4946e+03  1.0673e+00  7.5873e-02
  1.4957e+03  8.3036e-01  7.7505e-02
  1.4967e+03  9.4591e-01  1.0178e-01
  1.4978e+03  1.1188e+00  7.1580e-02
  1.4988e+03  8.5787e-01  7.9866e-02
  1.4999e+03  9.7096e-01  8.0300e-02
  1.5009e+03  8.3349e-01  1.0343e-01
  1.5020e+03  7.3863e-01  6.9880e-02
  1.5030e+03  9.6334e-01  3.9745e-02
  1.5041e+03  8.6802e-01  8.5797e-02
  1.5051e+03  1.0381e+00  7.2284e-02
  1.5062e+03  7.3870e-01  1.0533e-01
  1.5072e+03  1.0542e+00  9.3450e-02
  1.5083e+03  5.8004e-01  9.8863e-02
  1.5093e+03  9.4342e-01  3.8982e-02
  1.5104e+03  8.6926e-01  9.6685e-02
  1.5114e+03  6.3034e-01  1.0599e-01
  1.5125e+03  1.0245e+00  1.0859e-01
  1.5135e+03  9.0881e-01  1.1350e-01
  1.5146e+03  1.1154e+00  1.2208e-01
  1.5156e+03  1.0590e+00  5.9267e-02
  1.5167e+03  9.8654e-01  1.0493e-01
  1.5177e+03  1.0482e+00  1.4829e-01
  1.5188e+03  8.7034e-01  5.7932e-02
  1.5198e+03  9.3381e-01  6.4189e-02
  1.5209e+03  8.7741e-01  1.2284e-01
  1.5220e+03  1.0788e+00  1.0414e-01
  1.5230e+03  8.7562e-01  7.4690e-02
  1.5241e+03  8.7371e-01  7.5823e-02
  1.5251e+03  7.0427e-01  5.5127e-02
  1.5262e+03  9.2857e-01  5.4681e-02
  1.5272e+03  7.7652e-01  6.3893e-02
  1.5283e+03  9.9763e-01  5.7932e-02
  1.5293e+03  9.4800e-01  9.0523e-02
  1.5304e+03  9.0160e-01  6.1433e-02
  1.5314e+03  1.1401e+00  1.0194e-01
  1.5325e+03  8.4858e-01  8.4231e-02
  1.5335e+03  1.0781e+00  5.4942e-02
  1.5346e+03  8.7109e-01  1.4946e-01
  1.5356e+03  8.3299e-01  6.9557e-02
  1.5367e+03  5.9003e-01  9.6995e-02
  1.5377e+03  7.2096e-01  1.0976e-01
  1.5388e+03  6.7572e-01  6.0200e-02
  1.5398e+03  1.0084e+00  9.3278e-02
  1.5409e+03  8.5929e-01  9.5413e-02
  1.5419e+03  7.9084e-01  1.1668e-01
  1.5430e+03  7.6106e-01  1.7054e-01
  1.5440e+03  8.8057e-01  1.1957e-01
  1.5451e+03  9.8476e-01  1.4169e-01
  1.5461e+03  9.5611e-01  1.2274e-01
  1.5472e+03  7.2158e-01  8.0557e-02
  1.5482e+03  8.9393e-01  1.9296e-01
  1.5493e+03  8.6459e-01  1.2760e-01
  1.5503e+03  1.0673e+00  1.0797e-01
  1.5514e+03  1.1488e+00  2.2858e-01
  1.5524e+03  1.1126e+00  1.1968e-01
  1.5535e+03  1.0496e+00  1.3730e-01
  1.5545e+03  1.1135e+00  1.6323e-01
  1.5556e+03  1.2625e+00  9.1332e-02
  1.5566e+03  1.0392e+00  1.3191e-01
  1.5577e+03  9.0186e-01  1.4724e-01
  1.5587e+03  9.0395e-01  8.6428e-02
  1.5598e+03  1.0274e+00  1.2106e-01
  1.5608e+03  1.2328e+00  1.5142e-01
  1.5619e+03  8.3536e-01  6.9363e-02
  1.5629e+03  1.0584e+00  1.2360e-01
  1.5640e+03  6.1620e-01  8.2656e-02
  1.5650e+03  6.6492e-01  1.2296e-01
  1.5661e+03  7.4427e-01  1.1130e-01
  1.5671e+03  7.9163e-01  1.2735e-01
  1.5682e+03  9.4208e-01  1.1318e-01
  1.5692e+03  7.8185e-01  9.9327e-02
  1.5703e+03  7.5461e-01  1.0677e-01
  1.5713e+03  9.6268e-01  1.6312e-01
  1.5724e+03  5.9639e-01  1.3194e-01
  1.5734e+03  7.2222e-01  1.0121e-01
  1.5745e+03  7.0235e-01  9.6987e-02
  1.5755e+03  1.0519e+00  8.2922e-02
  1.5766e+03  9.1253e-01  7.4285e-02
  1.5776e+03  8.5141e-01  1.6889e-01
  1.5787e+03  5.9419e-01  8.9582e-02
  1.5797e+03  9.7338e-01  4.6113e-02
  1.5808e+03  7.7508e-01  9.5866e-02
  1.5818e+03  1.1203e+00  1.1085e-01
  1.5829e+03  9.6516e-01  1.1055e-01
  1.5839e+03  7.7833e-01  1.0716e-01
  1.5850e+03  5.9424e-01  9.0757e-02
  1.5860e+03  8.6686e-01  1.0974e-01
  1.5871e+03  8.2170e-01  8.2826e-02
  1.5881e+03  6.6724e-01  1.2666e-01
  1.5892e+03  7.5150e-01  1.0353e-01
  1.5902e+03  9.2434e-01  1.0648e-01
  1.5913e+03  1.0512e+00  1.2018e-01
  1.5923e+03  1.1250e+00  1.0763e-01
  1.5934e+03  9.3035e-01  8.2445e-02
  1.5944e+03  7.6685e-01  1.2188e-01
  1.5955e+03  8.5253e-01  7.6843e-02
  1.5965e+03  1.0028e+00  5.4543e-02
  1.5976e+03  8.8128e-01  5.4997e-02
  1.5986e+03  7.9244e-01  8.0240e-02
  1.5997e+03  8.2447e-01  1.0863e-01
  1.6008e+03  9.6976e-01  9.5333e-02
  1.6018e+03  7.2028e-01  1.1767e-01
  1.6029e+03  1.0496e+00  1.0018e-01
  1.6039e+03  8.0250e-01  1.1376e-01
  1.6050e+03  8.8836e-01  1.1093e-01
  1.6060e+03  9.0137e-01  9.3698e-02
  1.6071e+03  9.4962e-01  9.1031e-02
  1.6081e+03  1.1111e+00  1.0614e-01
  1.6092e+03  6.6307e-01  1.1642e-01
  1.6102e+03  8.3051e-01  7.9693e-02
  1.6113e+03  8.1455e-01  1.1463e-01
  1.6123e+03  7.0115e-01  7.6734e-02
  1.6134e+03  7.8384e-01  1.1385e-01
  1.6144e+03  9.1840e-01  6.1360e-02
  1.6155e+03  9.3938e-01  9.3347e-02
  1.6165e+03  5.3470e-01  1.2596e-01
  1.6176e+03  8.0985e-01  5.0533e-02
  1.6186e+03  7.7725e-01  9.5420e-02
  1.6197e+03  1.1706e+00  6.5270e-02
  1.6207e+03  6.8079e-01  9.8294e-02
  1.6218e+03  8.0273e-01  9.3966e-02
  1.6228e+03  3.3449e-01  1.5973e-01
  1.6239e+03  8.5695e-01  9.1739e-02
  1.6249e+03  5.2637e-01  1.8443e-01
  1.6260e+03  8.8924e-01  2.5886e-01
  1.6270e+03  9.9926e-01  5.9235e-02
  1.6281e+03  8.4153e-01  9.3348e-02
  1.6291e+03  8.3864e-01  9.0253e-02
  1.6302e+03  1.1054e+00  1.6368e-01
  1.6312e+03  1.1782e+00  1.1015e-01
  1.6323e+03  9.9284e-01  1.0250e-01
  1.6333e+03  7.3410e-01  1.1565e-01
  1.6344e+03  5.9171e-01  1.1646e-01
  1.6354e+03  1.3020e+00  7.4119e-02
  1.6365e+03  1.0152e+00  1.4823e-01
  1.6375e+03  5.8775e-01  1.2367e-01
  1.6386e+03  9.3149e-01  1.9203e-01
  1.6396e+03  1.0245e+00  1.1280e-01
  1.6407e+03  1.1475e+00  2.6572e-01
  1.6417e+03  1.0100e+00  2.1215e-01
  1.6428e+03  1.1915e+00  2.0623e-01
  1.6438e+03  1.0549e+00  2.2450e-01
  1.6449e+03  9.0169e-01  1.5531e-01
  1.6459e+03  1.0835e+00  2.3712e-01
  1.6470e+03  8.1159e-01  1.7491e-01
  1.6480e+03  9.4993e-01  8.4955e-02
  1.6491e+03  1.1339e+00  6.2914e-02
  1.6501e+03  1.3529e+00  9.3458e-02
  1.6512e+03  1.1317e+00  1.0523e-01
  1.6522e+03  1.0372e+00  1.1044e-01
  1.6533e+03  5.6629e-01  1.0592e-01
  1.6543e+03  1.0992e+00  1.4595e-01
  1.6554e+03  1.2108e+00  1.1757e-01
  1.6564e+03  1.1407e+00  1.6766e-01
  1.6575e+03  6.3598e-01  1.2908e-01
  1.6585e+03  8.6713e-01  1.3112e-01
  1.6596e+03  1.1394e+00  1.6335e-01
  1.6606e+03  1.1600e+00  1.4873e-01
  1.6617e+03  7.6053e-01  1.2355e-01
  1.6627e+03  1.0659e+00  1.5136e-01
  1.6638e+03  7.9904e-01  1.6933e-01
  1.6648e+03  1.1561e+00  2.5195e-01
  1.6659e+03  1.3759e+00  1.1705e-01
  1.6669e+03  9.9204e-01  1.5255e-01
  1.6680e+03  9.6180e-01  2.8827e-01
  1.6690e+03  1.0695e+00  1.4375e-01
  1.6701e+03  8.8580e-01  1.2192e-01
  1.6711e+03  7.1725e-01  1.3043e-01
  1.6722e+03  1.3143e+00  1.9170e-01
  1.6732e+03  7.1570e-01  1.6085e-01
  1.6743e+03  8.7594e-01  2.3758e-01
  1.6753e+03  1.0755e+00  1.1780e-01
  1.6764e+03  7.6284e-01  1.3360e-01
  1.6774e+03  9.7301e-01  1.6990e-01
  1.6785e+03  1.0344e+00  2.4428e-01
  1.6795e+03  9.6862e-01  1.0720e-01
  1.6806e+03  8.8093e-01  9.6332e-02
  1.6817e+03  1.0787e+00  8.5588e-02
  1.6827e+03  1.0967e+00  1.7104e-01
  1.6838e+03  1.0836e+00  8.1015e-02
  1.6848e+03  9.3434e-01  9.5111e-02
  1.6859e+03  9.7684e-01  7.6024e-02
  1.6869e+03  7.9464e-01  1.0885e-01
  1.6880e+03  1.1905e+00  9.9532e-02
  1.6890e+03  1.0631e+00  8.4211e-02
  1.6901e+03  1.0755e+00  1.7773e-01
  1.6911e+03  8.7239e-01  1.1518e-01
  1.6922e+03  9.8662e-01  1.0470e-01
  1.6932e+03  1.0140e+00  1.2428e-01
  1.6943e+03  7.6062e-01  1.3733e-01
  1.6953e+03  6.1622e-01  1.5148e-01
  1.6964e+03  1.1498e+00  4.5019e-02
  1.6974e+03  7.1015e-01  8.8704e-02
  1.6985e+03  1.0914e+00  9.9450e-02
  1.6995e+03  9.8915e-01  8.0252e-02
  1.7006e+03  8.6126e-01  8.0682e-02
  1.7016e+03  8.1682e-01  1.0100e-01
  1.7027e+03  8.8243e-01  1.2220e-01
  1.7037e+03  4.7757e-01  1.2067e-01
  1.7048e+03  7.4901e-01  1.0200e-01
  1.7058e+03  7.5290e-01  1.0526e-01
  1.7069e+03  1.1606e+00  1.4182e-01
  1.7079e+03  1.0375e+00  8.0208e-02
  1.7090e+03  6.4282e-01  9.0234e-02
  1.7100e+03  8.4986e-01  1.4489e-01
  1.7111e+03  5.6256e-01  1.5325e-01
  1.7121e+03  8.8233e-01  9.6757e-02
  1.7132e+03  8.7445e-01  1.3190e-01
  1.7142e+03  8.8503e-01  1.4775e-01
  1.7153e+03  1.1187e+00  1.9296e-01
  1.7163e+03  1.2462e+00  1.5845e-01
  1.7174e+03  8.5633e-01  1.9710e-01
  1.7184e+03  9.3599e-01  1.5515e-01
  1.7195e+03  1.1566e+00  1.8240e-01
  1.7205e+03  9.7044e-01  1.1329e-01
  1.7216e+03  1.0885e+00  9.8461e-02
  1.7226e+03  9.2041e-01  1.3614e-01
  1.7237e+03  8.3313e-01  1.8064e-01
  1.7247e+03  8.5837e-01  1.5060e-01
  1.7258e+03  5.1859e-01  3.4667e-01
  1.7268e+03  1.0094e+00  2.0398e-01
  1.7279e+03  1.1543e+00  1.0280e-01
  1.7289e+03  1.0013e+00  2.3079e-01
  1.7300e+03  1.0436e+00  1.9863e-01
  1.7310e+03  6.8579e-01  1.4806e-01
  1.7321e+03  1.1264e+00  7.1174e-02
  1.7331e+03  1.1382e+00  1.4225e-01
  1.7342e+03  1.1950e+00  6.4632e-02
  1.7352e+03  9.2096e-01  2.3118e-01
  1.7363e+03  1.1138e+00  8.2533e-02
  1.7373e+03  9.6065e-01  1.0583e-01
  1.7384e+03  9.0017e-01  1.2091e-01
  1.7394e+03  5.8338e-01  2.7477e-01
  1.7405e+03  6.8139e-01  1.3328e-01
  1.7415e+03  6.3733e-01  1.5632e-01
  1.7426e+03  6.5109e-01  2.0761e-01
  1.7436e+03  1.1369e+00  2.2388e-01
  1.7447e+03  1.1402e+00  8.2914e-02
  1.7457e+03  1.0173e+00  1.0737e-01
  1.7468e+03  9.5016e-01  1.1831e-01
  1.7478e+03  7.6309e-01  1.2574e-01
  1.7489e+03  4.7607e-01  1.5041e-01
  1.7499e+03  1.0266e+00  8.7657e-02
  1.7510e+03  1.3668e+00  1.4235e-01
  1.7520e+03  7.0215e-01  1.8773e-01
  1.7531e+03  9.7353e-01  2.1365e-01
  1.7541e+03  1.0247e+00  1.1280e-01
  1.7552e+03  8.6215e-01  1.5155e-01
  1.7562e+03  1.0754e+00  2.1932e-01
  1.7573e+03  6.6515e-01  1.4249e-01
  1.7583e+03  1.0278e+00  9.2681e-02
  1.7594e+03  1.0157e+00  1.5362e-01
  1.7605e+03  1.0003e+00  5.0647e-02
  1.7615e+03  1.2018e+00  1.7972e-01
  1.7626e+03  9.2617e-01  1.8133e-01
  1.7636e+03  8.5230e-01  2.0766e-01
  1.7647e+03  7.3632e-01  4.9271e-02
  1.7657e+03  8.8037e-01  1.2081e-01
  1.7668e+03  1.0728e+00  2.9678e-01
  1.7678e+03  9.9226e-01  1.1856e-01
  1.7689e+03  9.2155e-01  1.0966e-01
  1.7699e+03  6.0557e-01  2.3137e-01
  1.7710e+03  1.1259e+00  2.8057e-01
  1.7720e+03  6.2786e-01  2.4796e-01
  1.7731e+03  4.4376e-01  1.7232e-01
  1.7741e+03  6.3712e-01  7.0546e-01
  1.7752e+03  9.6819e-01  1.3306e-01
  1.7762e+03  1.1917e+00  2.5059e-01
  1.7773e+03  1.1672e+00  2.6658e-01
  1.7783e+03 -8.4980e-02  4.2526e-01
  1.7794e+03  3.0075e-01  6.3670e-01
  1.7804e+03  8.7727e-01  4.1850e-01
  1.7815e+03  1.6934e-01  6.9517e-01
  1.7825e+03  3.9705e-01  3.2710e-01
  1.7836e+03  1.0494e+00  3.1543e-01
  1.7846e+03  6.6546e-01  1.4567e-01
  1.7857e+03 -6.8496e-02  6.9840e-01
  1.7867e+03  7.7213e-01  1.8105e-01
  1.7878e+03  6.2872e-01  3.1493e-01
  1.7888e+03  1.5422e+00  3.5483e-01
  1.7899e+03  1.1251e+00  1.2339e-01
  1.7909e+03  5.5123e-01  5.8565e-02
  1.7920e+03  9.3476e-01  2.4972e-01
  1.7930e+03  3.6943e-02  2.8447e-01
  1.7941e+03  1.0671e+00  1.6631e-01
  1.7951e+03  8.5288e-01  1.9724e-01
  1.7962e+03  7.2283e-01  4.3211e-01
  1.7972e+03  1.1323e+00  3.0467e-01
  1.7983e+03  6.4177e-01  3.1502e-01
  1.7993e+03  6.8749e-01  2.1748e-01
  1.8004e+03  2.9123e-01  2.7743e-01
  1.8014e+03  1.2043e+00  1.1814e-01
  1.8025e+03  8.2679e-01  1.1675e-01
  1.8035e+03  7.0929e-01  2.2090e-01
  1.8046e+03  7.6140e-01  5.2406e-01
  1.8056e+03  8.0688e-01  1.1428e-01
  1.8067e+03  1.2381e+00  3.3697e-01
  1.8077e+03  1.0327e+00  8.4554e-02
  1.8088e+03  6.4929e-01  1.9637e-01
  1.8098e+03  5.6041e-01  2.4945e-01
  1.8109e+03  6.2152e-01  2.7997e-01
  1.8119e+03  6.3835e-01  2.5691e-01
  1.8130e+03  5.3021e-01  1.9457e-01
  1.8140e+03  1.0284e+00  1.4487e-01
  1.8151e+03  5.9005e-01  2.1008e-01
  1.8161e+03  1.2360e+00  1.1942e-01
  1.8172e+03  7.4257e-01  2.3352e-01
  1.8182e+03  9.9571e-01  3.2698e-01
  1.8193e+03  1.0004e+00  2.6350e-01
  1.8203e+03  7.0135e-01  2.7999e-01
  1.8214e+03  8.4469e-01  2.0924e-01
  1.8224e+03  1.4472e+00  2.3621e-01
  1.8235e+03  8.5197e-01  2.2977e-01
  1.8245e+03  7.4663e-01  1.6045e-01
  1.8256e+03  9.3399e-01  1.0476e-01
  1.8266e+03  1.0253e+00  1.6491e-01
  1.8277e+03  6.4925e-01  2.1046e-01
  1.8287e+03  8.3292e-01  4.6415e-01
  1.8298e+03  8.2826e-01  8.6590e-02
  1.8308e+03  8.2815e-01  1.2132e-01
  1.8319e+03  1.1765e+00  2.0029e-01
  1.8329e+03  8.3397e-01  2.0733e-01
  1.8340e+03  6.6189e-01  2.0968e-01
  1.8350e+03  1.0349e+00  3.0007e-01
  1.8361e+03  1.2256e+00  4.1326e-02
  1.8371e+03  1.0328e+00  1.8489e-01
  1.8382e+03  3.4800e-01  1.7594e-01
  1.8392e+03 -3.0450e-01  5.8081e-01
  1.8403e+03  5.0224e-01  1.8154e-01
  1.8414e+03  8.2775e-01  2.4549e-01
  1.8424e+03  1.3016e+00  3.3244e-01
  1.8435e+03  7.0597e-01  4.9151e-01
  1.8445e+03  1.5039e+00  6.6832e-01
  1.8456e+03  8.5203e-01  3.9080e-01
  1.8466e+03  3.9543e-01  2.2120e-01
  1.8477e+03  6.9263e-01  4.8458e-01
  1.8487e+03  3.2952e-01  2.8274e-01
  1.8498e+03  1.0524e+00  3.5832e-02
  1.8508e+03  1.2442e+00  5.6706e-01
  1.8519e+03  1.0172e+00  4.1080e-01
  1.8529e+03  7.4350e-01  2.2311e-01
  1.8540e+03  5.1573e-01  2.0016e-01
  1.8550e+03  2.2439e-01  6.0370e-01
  1.8561e+03  7.4014e-01  2.6128e-01
  1.8571e+03  4.3240e-01  1.2129e-01
  1.8582e+03  0.0000e+00  0.0000e+00
  1.8592e+03  8.5899e-01  1.9468e-01
  1.8603e+03  1.0135e+00  2.4459e-01
  1.8613e+03  1.3219e+00  1.1558e+00
  1.8624e+03  1.0513e+00  2.9308e-01
  1.8634e+03  5.9952e-01  1.7234e-01
  1.8645e+03  9.6032e-01  1.8443e-01
  1.8655e+03  1.5785e-01  2.7210e-01
  1.8666e+03  5.6023e-01  2.4753e-01
  1.8676e+03  7.2144e-01  1.1304e-01
  1.8687e+03  0.0000e+00  0.0000e+00
  1.8697e+03  5.9164e-01  3.0154e-01
  1.8708e+03  6.4470e-01  4.1867e-01
  1.8718e+03  2.1822e-01  3.5475e-01
  1.8729e+03  4.8934e-01  3.1967e-01
  1.8739e+03  5.5945e-01  2.3546e-01
  1.8750e+03  1.1256e+00  3.1966e-01
  1.8760e+03  1.9514e-02  5.4341e-01
  1.8771e+03  9.8824e-01  1.8445e-01
  1.8781e+03  3.5279e-01  2.6627e-01
  1.8792e+03  1.0102e+00  1.9632e-01
  1.8802e+03  6.7638e-01  1.3675e-01
  1.8813e+03  1.5537e+00  6.3241e-01
  1.8823e+03  1.2358e+00  4.0217e-01
  1.8834e+03  5.4426e-01  4.4113e-01
  1.8844e+03  1.1568e+00  1.7411e-01
  1.8855e+03  8.3927e-01  2.3921e-01
  1.8865e+03  1.1631e+00  5.2713e-01
  1.8876e+03  1.0569e+00  2.8457e-01
  1.8886e+03  1.1928e+00  4.4918e-01
  1.8897e+03  8.4269e-01  1.0783e-01
  1.8907e+03  5.7236e-01  3.4317e-01
  1.8918e+03  3.3201e-02  1.3041e+00
  1.8928e+03  1.1121e-01  7.8661e-01
  1.8939e+03  1.1896e+00  1.0439e-01
  1.8949e+03  0.0000e+00  0.0000e+00
  1.8960e+03  6.5386e-01  1.8836e-01
  1.8970e+03  9.7915e-01  2.8134e-01
  1.8981e+03  0.0000e+00  0.0000e+00
  1.8991e+03  4.0623e-01  2.6586e-01
  1.9002e+03  2.1987e-01  2.3479e-01
  1.9012e+03  0.0000e+00  0.0000e+00
  1.9023e+03 -1.0127e-01  3.5335e-01
  1.9033e+03  1.2954e+00  4.1977e-01
  1.9044e+03  0.0000e+00  0.0000e+00
  1.9054e+03  1.4705e+00  9.9891e-01
  1.9065e+03  1.7419e+00  7.4759e-01
  1.9075e+03  0.0000e+00  0.0000e+00
  1.9086e+03  1.6846e+00  9.5055e-01
  1.9096e+03  1.4686e+00  7.8367e-01
  1.9107e+03  0.0000e+00  0.0000e+00
  1.9117e+03  2.0677e+00  4.7054e-01
  1.9128e+03  5.8638e-01  5.2422e-01
  1.9138e+03  1.5437e+00  1.0954e+00
  1.9149e+03  0.0000e+00  0.0000e+00
  1.9159e+03  4.6059e-01  4.3350e-01
  1.9170e+03  1.9258e+00  1.3107e+00
  1.9180e+03  0.0000e+00  0.0000e+00
  1.9191e+03  1.0574e+00  8.4876e-01
  1.9202e+03  1.0238e+00  6.8371e-01
  1.9212e+03  0.0000e+00  0.0000e+00
  1.9223e+03  8.3113e-01  4.9525e-02
  1.9233e+03  7.8418e-01  2.1874e-01
  1.9244e+03  0.0000e+00  0.0000e+00
  1.9254e+03  5.3040e-01  5.7824e-01
  1.9265e+03  7.7441e-01  5.4818e-01
  1.9275e+03  0.0000e+00  0.0000e+00
  1.9286e+03  1.0602e+00  2.7778e-01
  1.9296e+03 -3.6249e-02  5.1584e-01
  1.9307e+03  0.0000e+00  0.0000e+00
  1.9317e+03  9.2950e-01  7.6127e-01
  1.9328e+03  7.8654e-01  1.7102e-01
  1.9338e+03  0.0000e+00  0.0000e+00
  1.9349e+03  4.2045e-01  7.6106e-01
  1.9359e+03  3.6265e-01  3.9652e-01
  1.9370e+03  7.9070e-01  3.2386e-02
  1.9380e+03  7.5425e-01  3.3417e-01
  1.9391e+03  5.6894e-01  4.8786e-01
  1.9401e+03  7.1826e-01  6.0823e-01
  1.9412e+03  1.0693e+00  9.4452e-01
  1.9422e+03  8.1233e-01  5.5552e-01
  1.9433e+03  1.2619e+00  5.9247e-01
  1.9443e+03  0.0000e+00  0.0000e+00
  1.9454e+03  3.8323e-01  4.1654e-01
  1.9464e+03  8.8863e-01  2.8766e-01
  1.9475e+03  0.0000e+00  0.0000e+00
  1.9485e+03  2.9105e-01  4.9803e-01
  1.9496e+03  5.9965e-01  3.1772e-01
  1.9506e+03  0.0000e+00  0.0000e+00
  1.9517e+03  9.8121e-01  4.2770e-01
  1.9527e+03  8.6747e-01  5.7738e-01
  1.9538e+03  0.0000e+00  0.0000e+00
  1.9548e+03  2.8053e-01  6.0877e-01
  1.9559e+03  3.0414e-01  2.0693e-01
  1.9569e+03  0.0000e+00  0.0000e+00
  1.9580e+03  5.2201e-01  2.5557e-01
  1.9590e+03  1.5626e+00  2.2363e-01
  1.9601e+03  0.0000e+00  0.0000e+00
  1.9611e+03  1.1344e-01  5.9775e-01
  1.9622e+03  1.3442e+00  7.7010e-01
  1.9632e+03  0.0000e+00  0.0000e+00
  1.9643e+03  1.3535e-01  1.3535e-01
  1.9653e+03  2.8027e-01  2.8027e-01
  1.9664e+03  0.0000e+00  0.0000e+00
  1.9674e+03  0.0000e+00  0.0000e+00
  1.9685e+03  0.0000e+00  0.0000e+00
  1.9695e+03  0.0000e+00  0.0000e+00
  1.9706e+03  0.0000e+00  0.0000e+00
  1.9716e+03  0.0000e+00  0.0000e+00
  1.9727e+03  0.0000e+00  0.0000e+00
  1.9737e+03  0.0000e+00  0.0000e+00
  1.9748e+03  0.0000e+00  0.0000e+00
  1.9758e+03  0.0000e+00  0.0000e+00
  1.9769e+03  0.0000e+00  0.0000e+00
  1.9779e+03  0.0000e+00  0.0000e+00
  1.9790e+03  0.0000e+00  0.0000e+00
  1.9800e+03  0.0000e+00  0.0000e+00
  1.9811e+03  0.0000e+00  0.0000e+00
  1.9821e+03  0.0000e+00  0.0000e+00
  1.9832e+03  0.0000e+00  0.0000e+00
  1.9842e+03  0.0000e+00  0.0000e+00
  1.9853e+03  0.0000e+00  0.0000e+00
  1.9863e+03  0.0000e+00  0.0000e+00
  1.9874e+03  0.0000e+00  0.0000e+00
  1.9884e+03  0.0000e+00  0.0000e+00
  1.9895e+03  0.0000e+00  0.0000e+00
  1.9905e+03  0.0000e+00  0.0000e+00
  1.9916e+03  0.0000e+00  0.0000e+00
  1.9926e+03  0.0000e+00  0.0000e+00
  1.9937e+03  0.0000e+00  0.0000e+00
  1.9947e+03  0.0000e+00  0.0000e+00
  1.9958e+03  0.0000e+00  0.0000e+00
  1.9968e+03  0.0000e+00  0.0000e+00
  1.9979e+03  0.0000e+00  0.0000e+00
