wave flux error
  8.8000e+02  1.0559e-01  1.8729e-01
  8.8105e+02  3.8817e-01  1.2984e-01
  8.8210e+02 -9.5159e-04  1.2620e-01
  8.8315e+02  2.7098e-01  8.4850e-02
  8.8420e+02  3.9958e-01  1.2312e-01
  8.8525e+02  2.4815e-01  1.8586e-01
  8.8630e+02 -2.4806e-02  8.1783e-02
  8.8735e+02  3.7755e-01  9.6100e-02
  8.8841e+02  2.4104e-01  9.9956e-02
  8.8946e+02  3.2444e-01  1.4460e-01
  8.9051e+02  2.0282e-01  1.4727e-01
  8.9156e+02 -1.5345e-02  6.5192e-02
  8.9261e+02  5.6249e-02  1.6645e-01
  8.9366e+02  4.6869e-02  1.5183e-01
  8.9471e+02 -1.2600e-01  5.7133e-02
  8.9576e+02  2.8688e-01  7.5868e-02
  8.9681e+02  1.1040e-01  8.0589e-02
  8.9786e+02  1.7696e-01  1.1506e-01
  8.9891e+02 -5.6463e-02  1.3357e-01
  8.9996e+02  5.6365e-02  9.3180e-02
  9.0101e+02  1.5233e-01  1.2101e-01
  9.0206e+02  2.9468e-01  8.6881e-02
  9.0311e+02  2.4710e-01  1.6393e-01
  9.0417e+02 -4.7544e-02  6.1533e-02
  9.0522e+02 -6.8567e-03  1.0570e-01
  9.0627e+02  2.3213e-01  9.4921e-02
  9.0732e+02  1.6226e-01  9.4813e-02
  9.0837e+02  1.8936e-01  4.9872e-02
  9.0942e+02  1.9913e-01  1.0355e-01
  9.1047e+02  2.5647e-01  1.0737e-01
  9.1152e+02  2.7739e-01  8.8069e-02
  9.1257e+02  3.2222e-01  8.8160e-02
  9.1362e+02  1.9287e-01  6.7636e-02
  9.1467e+02  4.7057e-01  8.9967e-02
  9.1572e+02  7.4830e-02  5.0212e-02
  9.1677e+02  1.3928e-01  1.2661e-01
  9.1782e+02  1.1394e-01  8.9415e-02
  9.1887e+02  1.1499e-01  5.9818e-02
  9.1992e+02  1.6468e-01  8.8179e-02
  9.2098e+02  7.9170e-02  7.8904e-02
  9.2203e+02  1.8995e-01  7.0261e-02
  9.2308e+02  2.2295e-01  7.7361e-02
  9.2413e+02  1.2649e-01  7.1885e-02
  9.2518e+02  1.2140e-01  8.8147e-02
  9.2623e+02  1.7350e-01  8.5954e-02
  9.2728e+02  2.1771e-01  1.0390e-01
  9.2833e+02  2.8063e-01  6.9490e-02
  9.2938e+02  3.4225e-01  6.7020e-02
  9.3043e+02  4.0079e-01  6.8501e-02
  9.3148e+02  1.1232e-01  4.1465e-02
  9.3253e+02  2.9056e-01  8.5631e-02
  9.3358e+02  4.0235e-01  9.0814e-02
  9.3463e+02  4.0169e-01  5.8535e-02
  9.3568e+02  1.9916e-01  9.8589e-02
  9.3674e+02  2.6995e-01  6.9442e-02
  9.3779e+02  4.1897e-01  1.0580e-01
  9.3884e+02  4.3739e-01  1.1294e-01
  9.3989e+02  5.4085e-01  7.1550e-02
  9.4094e+02  4.4308e-01  9.2644e-02
  9.4199e+02  3.7828e-01  7.6729e-02
  9.4304e+02  4.4033e-01  8.5540e-02
  9.4409e+02  3.6946e-01  9.5159e-02
  9.4514e+02  2.5904e-01  6.4237e-02
  9.4619e+02  3.9131e-01  8.2875e-02
  9.4724e+02  2.5586e-01  7.3319e-02
  9.4829e+02  2.3123e-01  8.0478e-02
  9.4934e+02  3.8228e-01  8.8015e-02
  9.5039e+02  2.8932e-01  7.2557e-02
  9.5144e+02  4.9547e-01  8.3985e-02
  9.5250e+02  3.3912e-01  8.6212e-02
  9.5355e+02  5.2798e-01  1.0273e-01
  9.5460e+02  3.2356e-01  6.8083e-02
  9.5565e+02  4.2407e-01  6.4019e-02
  9.5670e+02  4.0765e-01  5.9139e-02
  9.5775e+02  4.7247e-01  6.0056e-02
  9.5880e+02  4.8644e-01  6.3359e-02
  9.5985e+02  2.1971e-01  1.0438e-01
  9.6090e+02  5.0243e-01  9.1596e-02
  9.6195e+02  3.9025e-01  6.9344e-02
  9.6300e+02  5.2951e-01  7.1498e-02
  9.6405e+02  4.2642e-01  7.7101e-02
  9.6510e+02  6.0449e-01  8.0811e-02
  9.6615e+02  3.6936e-01  7.5530e-02
  9.6720e+02  3.3216e-01  6.1505e-02
  9.6826e+02  2.8805e-01  4.7504e-02
  9.6931e+02  4.4932e-01  7.1546e-02
  9.7036e+02  1.8601e-01  6.3116e-02
  9.7141e+02  3.3453e-01  1.1877e-01
  9.7246e+02  3.5074e-01  6.6307e-02
  9.7351e+02  1.2016e-01  5.1295e-02
  9.7456e+02  1.9690e-02  4.8994e-02
  9.7561e+02  3.6626e-01  6.8464e-02
  9.7666e+02  4.0610e-01  8.5330e-02
  9.7771e+02  3.4568e-01  8.0379e-02
  9.7876e+02  2.8192e-01  4.9082e-02
  9.7981e+02  3.6093e-01  5.2444e-02
  9.8086e+02  2.3778e-01  5.9154e-02
  9.8191e+02  3.2715e-01  7.9599e-02
  9.8296e+02  4.4494e-01  6.7839e-02
  9.8402e+02  4.8550e-01  5.6559e-02
  9.8507e+02  4.7158e-01  4.6294e-02
  9.8612e+02  2.6088e-01  5.5885e-02
  9.8717e+02  2.6552e-01  7.8503e-02
  9.8822e+02  3.8639e-01  5.4373e-02
  9.8927e+02  4.5664e-01  6.2882e-02
  9.9032e+02  3.2613e-01  5.4896e-02
  9.9137e+02  3.6788e-01  5.5832e-02
  9.9242e+02  3.8190e-01  5.6373e-02
  9.9347e+02  3.8149e-01  5.1159e-02
  9.9452e+02  4.7837e-01  7.3580e-02
  9.9557e+02  4.4269e-01  6.7991e-02
  9.9662e+02  5.8665e-01  6.5453e-02
  9.9767e+02  5.3403e-01  7.2882e-02
  9.9872e+02  4.6574e-01  5.9398e-02
  9.9977e+02  5.7466e-01  5.2467e-02
  1.0008e+03  5.4925e-01  3.3130e-02
  1.0019e+03  5.3704e-01  4.9192e-02
  1.0029e+03  5.5294e-01  4.7371e-02
  1.0040e+03  6.1400e-01  8.1016e-02
  1.0050e+03  6.0067e-01  5.3035e-02
  1.0061e+03  5.1862e-01  5.4698e-02
  1.0071e+03  3.6088e-01  5.1919e-02
  1.0082e+03  4.1012e-01  4.9962e-02
  1.0092e+03  5.4188e-01  5.1449e-02
  1.0103e+03  5.6782e-01  5.4241e-02
  1.0113e+03  3.9967e-01  6.0096e-02
  1.0124e+03  4.3021e-01  6.1699e-02
  1.0134e+03  4.9074e-01  4.4002e-02
  1.0145e+03  5.6667e-01  6.7414e-02
  1.0155e+03  4.2547e-01  3.3719e-02
  1.0166e+03  4.6932e-01  5.4037e-02
  1.0176e+03  4.4904e-01  5.9424e-02
  1.0187e+03  4.9483e-01  6.1590e-02
  1.0197e+03  2.4083e-01  4.8910e-02
  1.0208e+03  2.9439e-01  4.5563e-02
  1.0218e+03  2.6130e-01  6.0723e-02
  1.0229e+03  3.5665e-01  4.2960e-02
  1.0239e+03  4.6300e-01  5.4350e-02
  1.0250e+03  7.5782e-02  4.4359e-02
  1.0260e+03  1.3914e-01  4.2126e-02
  1.0271e+03  2.9090e-01  4.7545e-02
  1.0281e+03  4.7729e-01  7.6244e-02
  1.0292e+03  3.9104e-01  5.8668e-02
  1.0302e+03  4.0362e-01  5.7887e-02
  1.0313e+03  2.4959e-01  3.5384e-02
  1.0323e+03  4.6501e-01  5.0564e-02
  1.0334e+03  5.4075e-01  5.5106e-02
  1.0344e+03  4.4129e-01  5.6688e-02
  1.0355e+03  5.0077e-01  4.1138e-02
  1.0365e+03  3.9708e-01  4.5793e-02
  1.0376e+03  5.7437e-01  5.4500e-02
  1.0386e+03  6.5383e-01  5.4993e-02
  1.0397e+03  6.1208e-01  4.6202e-02
  1.0408e+03  7.6047e-01  4.9506e-02
  1.0418e+03  8.5245e-01  5.4502e-02
  1.0429e+03  7.8076e-01  5.4410e-02
  1.0439e+03  6.9655e-01  4.4514e-02
  1.0450e+03  6.9098e-01  5.2146e-02
  1.0460e+03  6.0273e-01  7.0773e-02
  1.0471e+03  7.0835e-01  5.4330e-02
  1.0481e+03  6.4387e-01  3.3619e-02
  1.0492e+03  6.7102e-01  5.6303e-02
  1.0502e+03  7.6237e-01  5.6366e-02
  1.0513e+03  6.4021e-01  7.3431e-02
  1.0523e+03  6.3044e-01  5.7381e-02
  1.0534e+03  7.0577e-01  5.0687e-02
  1.0544e+03  8.4720e-01  5.0122e-02
  1.0555e+03  6.6827e-01  6.1164e-02
  1.0565e+03  6.7834e-01  4.4206e-02
  1.0576e+03  6.1103e-01  5.5595e-02
  1.0586e+03  6.0411e-01  4.9845e-02
  1.0597e+03  5.3389e-01  6.0912e-02
  1.0607e+03  4.4336e-01  5.8373e-02
  1.0618e+03  5.5023e-01  3.5686e-02
  1.0628e+03  5.2921e-01  5.9685e-02
  1.0639e+03  6.6794e-01  4.7896e-02
  1.0649e+03  5.3934e-01  6.2845e-02
  1.0660e+03  6.3895e-01  4.8358e-02
  1.0670e+03  5.9480e-01  5.6087e-02
  1.0681e+03  7.9051e-01  3.8950e-02
  1.0691e+03  7.3515e-01  5.6478e-02
  1.0702e+03  5.9897e-01  3.1858e-02
  1.0712e+03  6.8728e-01  6.5169e-02
  1.0723e+03  6.9577e-01  6.3786e-02
  1.0733e+03  5.5619e-01  6.3663e-02
  1.0744e+03  5.9780e-01  4.6673e-02
  1.0754e+03  6.6116e-01  5.9546e-02
  1.0765e+03  5.6609e-01  4.6980e-02
  1.0775e+03  7.2094e-01  5.0622e-02
  1.0786e+03  7.5390e-01  4.4740e-02
  1.0796e+03  6.6590e-01  4.4088e-02
  1.0807e+03  6.7828e-01  5.3353e-02
  1.0817e+03  8.7824e-01  4.4130e-02
  1.0828e+03  5.4020e-01  5.1586e-02
  1.0838e+03  5.5731e-01  5.9430e-02
  1.0849e+03  5.8833e-01  5.1356e-02
  1.0859e+03  6.8509e-01  3.5191e-02
  1.0870e+03  6.7491e-01  3.7049e-02
  1.0880e+03  7.5228e-01  4.1717e-02
  1.0891e+03  7.3347e-01  5.7988e-02
  1.0901e+03  6.3511e-01  4.8175e-02
  1.0912e+03  6.6324e-01  5.4352e-02
  1.0922e+03  5.6400e-01  5.2185e-02
  1.0933e+03  6.6707e-01  6.8397e-02
  1.0943e+03  8.1781e-01  4.7284e-02
  1.0954e+03  6.4418e-01  4.1756e-02
  1.0964e+03  5.9527e-01  3.1131e-02
  1.0975e+03  5.1852e-01  4.5657e-02
  1.0985e+03  7.8529e-01  6.5073e-02
  1.0996e+03  8.1660e-01  6.3248e-02
  1.1006e+03  7.5803e-01  5.5742e-02
  1.1017e+03  6.8413e-01  5.1757e-02
  1.1027e+03  7.2219e-01  4.4695e-02
  1.1038e+03  6.6138e-01  4.6612e-02
  1.1048e+03  5.6846e-01  4.2499e-02
  1.1059e+03  8.0839e-01  4.0521e-02
  1.1069e+03  8.1987e-01  6.3461e-02
  1.1080e+03  5.8370e-01  4.5369e-02
  1.1090e+03  7.0136e-01  5.5619e-02
  1.1101e+03  7.4464e-01  5.1333e-02
  1.1111e+03  7.0768e-01  3.9188e-02
  1.1122e+03  6.3629e-01  6.6685e-02
  1.1132e+03  6.8464e-01  4.9201e-02
  1.1143e+03  6.7306e-01  5.7703e-02
  1.1153e+03  7.6867e-01  5.0307e-02
  1.1164e+03  6.8149e-01  5.1008e-02
  1.1174e+03  6.6110e-01  5.4562e-02
  1.1185e+03  6.0409e-01  4.3269e-02
  1.1195e+03  6.2420e-01  5.1496e-02
  1.1206e+03  5.3019e-01  5.1116e-02
  1.1217e+03  5.3160e-01  3.9381e-02
  1.1227e+03  7.1673e-01  4.7967e-02
  1.1238e+03  6.4547e-01  4.9290e-02
  1.1248e+03  5.1917e-01  4.9774e-02
  1.1259e+03  5.4684e-01  5.0659e-02
  1.1269e+03  5.4537e-01  5.3626e-02
  1.1280e+03  5.1883e-01  4.6277e-02
  1.1290e+03  5.3082e-01  4.4231e-02
  1.1301e+03  5.6147e-01  4.3424e-02
  1.1311e+03  6.5331e-01  2.9694e-02
  1.1322e+03  7.7310e-01  4.9735e-02
  1.1332e+03  5.8124e-01  3.1793e-02
  1.1343e+03  5.8277e-01  3.1617e-02
  1.1353e+03  7.1650e-01  4.7140e-02
  1.1364e+03  6.3687e-01  2.8941e-02
  1.1374e+03  6.8284e-01  4.1192e-02
  1.1385e+03  7.8171e-01  4.3133e-02
  1.1395e+03  6.1261e-01  3.6036e-02
  1.1406e+03  5.1446e-01  3.2450e-02
  1.1416e+03  4.5010e-01  4.6816e-02
  1.1427e+03  6.7798e-01  4.6723e-02
  1.1437e+03  5.9662e-01  5.4622e-02
  1.1448e+03  5.7226e-01  3.7628e-02
  1.1458e+03  6.6802e-01  7.1668e-02
  1.1469e+03  7.1682e-01  5.0115e-02
  1.1479e+03  7.3320e-01  4.3316e-02
  1.1490e+03  6.2655e-01  4.1653e-02
  1.1500e+03  7.6931e-01  4.7681e-02
  1.1511e+03  7.5804e-01  3.9241e-02
  1.1521e+03  6.9928e-01  5.7632e-02
  1.1532e+03  6.3598e-01  4.6072e-02
  1.1542e+03  6.5140e-01  4.6625e-02
  1.1553e+03  6.1566e-01  4.4169e-02
  1.1563e+03  6.7028e-01  4.2612e-02
  1.1574e+03  6.5123e-01  4.7001e-02
  1.1584e+03  6.6533e-01  5.4632e-02
  1.1595e+03  7.4397e-01  5.6680e-02
  1.1605e+03  6.3119e-01  5.9723e-02
  1.1616e+03  7.6029e-01  4.9226e-02
  1.1626e+03  7.6027e-01  5.0016e-02
  1.1637e+03  5.6632e-01  3.9621e-02
  1.1647e+03  6.0599e-01  3.5673e-02
  1.1658e+03  6.0265e-01  5.2401e-02
  1.1668e+03  7.0213e-01  4.1969e-02
  1.1679e+03  7.4219e-01  4.3046e-02
  1.1689e+03  6.2263e-01  4.4208e-02
  1.1700e+03  6.7350e-01  4.2285e-02
  1.1710e+03  5.7451e-01  4.7602e-02
  1.1721e+03  5.6774e-01  3.5430e-02
  1.1731e+03  6.2624e-01  4.1851e-02
  1.1742e+03  4.6771e-01  4.8250e-02
  1.1752e+03  4.9608e-01  5.7270e-02
  1.1763e+03  7.2072e-01  4.0782e-02
  1.1773e+03  4.3284e-01  2.7627e-02
  1.1784e+03  5.5654e-01  4.3683e-02
  1.1794e+03  5.6845e-01  5.2642e-02
  1.1805e+03  5.8030e-01  4.2245e-02
  1.1815e+03  5.3945e-01  4.7137e-02
  1.1826e+03  6.6037e-01  4.1292e-02
  1.1836e+03  6.2399e-01  3.6344e-02
  1.1847e+03  5.3084e-01  4.2777e-02
  1.1857e+03  5.8539e-01  5.3922e-02
  1.1868e+03  5.9538e-01  4.0533e-02
  1.1878e+03  4.4273e-01  4.5129e-02
  1.1889e+03  4.1146e-01  4.8023e-02
  1.1899e+03  4.3848e-01  2.3746e-02
  1.1910e+03  5.0207e-01  2.7242e-02
  1.1920e+03  5.6063e-01  4.1306e-02
  1.1931e+03  5.2882e-01  3.1441e-02
  1.1941e+03  5.7105e-01  5.1856e-02
  1.1952e+03  6.0754e-01  3.5921e-02
  1.1962e+03  7.0132e-01  4.2827e-02
  1.1973e+03  6.0082e-01  5.3342e-02
  1.1983e+03  5.8727e-01  4.2403e-02
  1.1994e+03  6.2918e-01  5.4177e-02
  1.2005e+03  5.1164e-01  3.6099e-02
  1.2015e+03  5.4018e-01  4.1264e-02
  1.2026e+03  4.4614e-01  5.4535e-02
  1.2036e+03  3.5058e-01  3.9166e-02
  1.2047e+03  3.8978e-01  4.5277e-02
  1.2057e+03  4.6975e-01  5.0320e-02
  1.2068e+03  4.1838e-01  4.3801e-02
  1.2078e+03  5.3711e-01  4.5949e-02
  1.2089e+03  4.2774e-01  4.7763e-02
  1.2099e+03  5.0073e-01  4.1059e-02
  1.2110e+03  7.4928e-01  5.5173e-02
  1.2120e+03  7.6811e-01  7.3327e-02
  1.2131e+03  1.4520e+00  9.4828e-02
  1.2141e+03  2.1273e+00  8.8094e-02
  1.2152e+03  2.5883e+00  8.9366e-02
  1.2162e+03  3.1829e+00  9.6272e-02
  1.2173e+03  2.4870e+00  6.6585e-02
  1.2183e+03  1.8169e+00  9.4335e-02
  1.2194e+03  1.5262e+00  4.6337e-02
  1.2204e+03  1.2409e+00  3.7874e-02
  1.2215e+03  1.0791e+00  4.7733e-02
  1.2225e+03  9.6251e-01  4.6115e-02
  1.2236e+03  9.1425e-01  4.7001e-02
  1.2246e+03  8.3651e-01  4.9901e-02
  1.2257e+03  8.2002e-01  2.8118e-02
  1.2267e+03  9.0454e-01  5.5489e-02
  1.2278e+03  9.0405e-01  4.2085e-02
  1.2288e+03  8.2923e-01  4.0126e-02
  1.2299e+03  8.5276e-01  4.2278e-02
  1.2309e+03  7.5646e-01  3.2836e-02
  1.2320e+03  9.4108e-01  4.3544e-02
  1.2330e+03  8.4462e-01  4.7510e-02
  1.2341e+03  9.5396e-01  3.5195e-02
  1.2351e+03  9.6418e-01  4.8455e-02
  1.2362e+03  9.2491e-01  4.3916e-02
  1.2372e+03  8.0967e-01  3.8952e-02
  1.2383e+03  8.5649e-01  5.2982e-02
  1.2393e+03  9.1246e-01  3.5687e-02
  1.2404e+03  9.2174e-01  5.1390e-02
  1.2414e+03  1.0189e+00  3.5747e-02
  1.2425e+03  9.9141e-01  2.8650e-02
  1.2435e+03  1.0056e+00  4.1886e-02
  1.2446e+03  9.7634e-01  3.8820e-02
  1.2456e+03  1.0681e+00  5.1431e-02
  1.2467e+03  1.0171e+00  4.0324e-02
  1.2477e+03  1.0875e+00  3.7247e-02
  1.2488e+03  1.0159e+00  3.8456e-02
  1.2498e+03  1.0060e+00  3.7389e-02
  1.2509e+03  9.8265e-01  7.6168e-02
  1.2519e+03  1.0086e+00  4.1985e-02
  1.2530e+03  9.1394e-01  5.6721e-02
  1.2540e+03  9.7178e-01  5.2576e-02
  1.2551e+03  1.0182e+00  3.7180e-02
  1.2561e+03  8.0627e-01  4.9972e-02
  1.2572e+03  7.4446e-01  4.5091e-02
  1.2582e+03  7.7074e-01  4.5079e-02
  1.2593e+03  7.4438e-01  3.3549e-02
  1.2603e+03  9.3281e-01  5.7991e-02
  1.2614e+03  1.0468e+00  4.7816e-02
  1.2624e+03  1.0325e+00  4.3697e-02
  1.2635e+03  1.0741e+00  4.1033e-02
  1.2645e+03  1.1348e+00  4.4751e-02
  1.2656e+03  1.1270e+00  4.6547e-02
  1.2666e+03  1.1415e+00  3.1241e-02
  1.2677e+03  1.0854e+00  3.9638e-02
  1.2687e+03  1.0822e+00  3.8771e-02
  1.2698e+03  1.0555e+00  4.3107e-02
  1.2708e+03  1.0128e+00  3.5617e-02
  1.2719e+03  9.5623e-01  4.7121e-02
  1.2729e+03  1.0518e+00  5.4556e-02
  1.2740e+03  1.0598e+00  3.9167e-02
  1.2750e+03  1.1285e+00  3.6106e-02
  1.2761e+03  9.7259e-01  3.4216e-02
  1.2771e+03  1.0286e+00  1.9227e-02
  1.2782e+03  1.0737e+00  3.3356e-02
  1.2792e+03  1.1194e+00  4.2709e-02
  1.2803e+03  1.0532e+00  4.4031e-02
  1.2814e+03  9.3032e-01  4.6419e-02
  1.2824e+03  1.0147e+00  4.8778e-02
  1.2835e+03  1.1208e+00  4.7382e-02
  1.2845e+03  1.1358e+00  4.9544e-02
  1.2856e+03  1.1236e+00  3.1201e-02
  1.2866e+03  9.9941e-01  3.4631e-02
  1.2877e+03  1.0737e+00  4.7648e-02
  1.2887e+03  1.0189e+00  3.3681e-02
  1.2898e+03  1.0822e+00  4.2864e-02
  1.2908e+03  8.9017e-01  3.7347e-02
  1.2919e+03  1.2059e+00  3.4270e-02
  1.2929e+03  1.0465e+00  5.3178e-02
  1.2940e+03  9.8113e-01  3.4392e-02
  1.2950e+03  9.9718e-01  3.8886e-02
  1.2961e+03  1.1525e+00  6.1043e-02
  1.2971e+03  8.7792e-01  4.7372e-02
  1.2982e+03  8.3673e-01  3.6293e-02
  1.2992e+03  7.7829e-01  5.1610e-02
  1.3003e+03  7.6638e-01  3.7472e-02
  1.3013e+03  7.5834e-01  5.2499e-02
  1.3024e+03  7.1175e-01  4.3414e-02
  1.3034e+03  9.0527e-01  4.9168e-02
  1.3045e+03  9.8565e-01  4.3249e-02
  1.3055e+03  9.6406e-01  3.9777e-02
  1.3066e+03  1.2486e+00  5.0955e-02
  1.3076e+03  1.1398e+00  5.5705e-02
  1.3087e+03  1.0465e+00  3.6847e-02
  1.3097e+03  1.1943e+00  5.1083e-02
  1.3108e+03  1.2400e+00  5.3824e-02
  1.3118e+03  1.0112e+00  3.8224e-02
  1.3129e+03  1.0193e+00  3.1444e-02
  1.3139e+03  1.0449e+00  3.8753e-02
  1.3150e+03  1.1446e+00  3.9209e-02
  1.3160e+03  9.5126e-01  4.7307e-02
  1.3171e+03  1.2111e+00  4.4541e-02
  1.3181e+03  1.0692e+00  4.9115e-02
  1.3192e+03  1.0176e+00  2.9141e-02
  1.3202e+03  1.0962e+00  4.3206e-02
  1.3213e+03  1.0202e+00  5.4089e-02
  1.3223e+03  1.1186e+00  4.5257e-02
  1.3234e+03  1.0093e+00  4.0198e-02
  1.3244e+03  9.6232e-01  3.9322e-02
  1.3255e+03  9.5146e-01  4.1911e-02
  1.3265e+03  1.2212e+00  4.4946e-02
  1.3276e+03  1.0541e+00  5.1436e-02
  1.3286e+03  9.9118e-01  3.9130e-02
  1.3297e+03  1.0087e+00  4.9949e-02
  1.3307e+03  8.8952e-01  6.9734e-02
  1.3318e+03  7.6285e-01  4.6327e-02
  1.3328e+03  9.3603e-01  5.3634e-02
  1.3339e+03  7.9671e-01  4.2771e-02
  1.3349e+03  7.4348e-01  5.6407e-02
  1.3360e+03  1.0041e+00  3.6531e-02
  1.3370e+03  1.0897e+00  3.5822e-02
  1.3381e+03  1.1266e+00  5.1643e-02
  1.3391e+03  9.8677e-01  4.0964e-02
  1.3402e+03  9.0120e-01  5.8294e-02
  1.3412e+03  9.6817e-01  3.1558e-02
  1.3423e+03  1.0708e+00  5.1978e-02
  1.3433e+03  1.0939e+00  4.8055e-02
  1.3444e+03  9.7500e-01  3.4101e-02
  1.3454e+03  8.8834e-01  4.7287e-02
  1.3465e+03  1.0598e+00  3.9668e-02
  1.3475e+03  1.1005e+00  3.1514e-02
  1.3486e+03  9.6867e-01  4.4336e-02
  1.3496e+03  1.0991e+00  6.3832e-02
  1.3507e+03  1.0653e+00  4.7160e-02
  1.3517e+03  1.0860e+00  5.0462e-02
  1.3528e+03  1.0607e+00  4.1677e-02
  1.3538e+03  1.0930e+00  5.0197e-02
  1.3549e+03  1.1383e+00  4.9854e-02
  1.3559e+03  1.0936e+00  4.5945e-02
  1.3570e+03  1.0939e+00  5.6989e-02
  1.3580e+03  1.1274e+00  6.7387e-02
  1.3591e+03  1.1021e+00  4.5363e-02
  1.3602e+03  1.2038e+00  4.7130e-02
  1.3612e+03  9.4766e-01  4.9171e-02
  1.3623e+03  9.8663e-01  5.2671e-02
  1.3633e+03  9.8287e-01  4.0298e-02
  1.3644e+03  9.1865e-01  4.1587e-02
  1.3654e+03  9.4370e-01  4.0785e-02
  1.3665e+03  9.9369e-01  3.5689e-02
  1.3675e+03  9.4533e-01  5.0016e-02
  1.3686e+03  1.1127e+00  5.6020e-02
  1.3696e+03  9.8830e-01  6.5716e-02
  1.3707e+03  1.0787e+00  2.7583e-02
  1.3717e+03  1.0537e+00  4.4532e-02
  1.3728e+03  9.4529e-01  5.8872e-02
  1.3738e+03  1.0541e+00  3.2086e-02
  1.3749e+03  1.0007e+00  4.8572e-02
  1.3759e+03  1.1037e+00  3.9774e-02
  1.3770e+03  1.0910e+00  4.5327e-02
  1.3780e+03  1.0624e+00  4.2845e-02
  1.3791e+03  1.1004e+00  5.0514e-02
  1.3801e+03  1.0435e+00  3.2456e-02
  1.3812e+03  9.8912e-01  5.3081e-02
  1.3822e+03  9.8315e-01  4.4101e-02
  1.3833e+03  9.3903e-01  4.9573e-02
  1.3843e+03  9.1308e-01  4.8741e-02
  1.3854e+03  1.0099e+00  3.6461e-02
  1.3864e+03  9.2490e-01  4.4397e-02
  1.3875e+03  9.2892e-01  3.6444e-02
  1.3885e+03  8.4553e-01  6.4418e-02
  1.3896e+03  8.2329e-01  4.3219e-02
  1.3906e+03  9.2666e-01  4.5634e-02
  1.3917e+03  7.6880e-01  4.5278e-02
  1.3927e+03  7.8217e-01  3.8413e-02
  1.3938e+03  8.8766e-01  5.4381e-02
  1.3948e+03  6.7583e-01  3.8204e-02
  1.3959e+03  9.3035e-01  3.5171e-02
  1.3969e+03  8.2704e-01  3.9246e-02
  1.3980e+03  9.6760e-01  4.3567e-02
  1.3990e+03  8.1343e-01  4.5085e-02
  1.4001e+03  7.0809e-01  4.2135e-02
  1.4011e+03  9.0364e-01  3.4964e-02
  1.4022e+03  9.0909e-01  3.5988e-02
  1.4032e+03  9.3230e-01  5.7978e-02
  1.4043e+03  8.4472e-01  4.9476e-02
  1.4053e+03  1.0450e+00  6.4591e-02
  1.4064e+03  9.2534e-01  3.8278e-02
  1.4074e+03  1.0759e+00  4.9346e-02
  1.4085e+03  1.2262e+00  4.0528e-02
  1.4095e+03  1.0502e+00  3.2583e-02
  1.4106e+03  9.5542e-01  3.8282e-02
  1.4116e+03  1.1067e+00  6.0336e-02
  1.4127e+03  1.0292e+00  3.3583e-02
  1.4137e+03  1.1012e+00  5.5844e-02
  1.4148e+03  9.2528e-01  5.8333e-02
  1.4158e+03  1.0424e+00  2.9923e-02
  1.4169e+03  8.9082e-01  4.4546e-02
  1.4179e+03  1.0277e+00  4.0835e-02
  1.4190e+03  1.0556e+00  4.6875e-02
  1.4200e+03  9.5586e-01  4.0180e-02
  1.4211e+03  1.0299e+00  3.6137e-02
  1.4221e+03  9.6417e-01  4.2735e-02
  1.4232e+03  1.0302e+00  4.3463e-02
  1.4242e+03  8.8517e-01  3.9379e-02
  1.4253e+03  9.7467e-01  2.9332e-02
  1.4263e+03  8.7292e-01  4.4524e-02
  1.4274e+03  1.0189e+00  3.5401e-02
  1.4284e+03  9.0008e-01  4.2790e-02
  1.4295e+03  1.0159e+00  3.8646e-02
  1.4305e+03  9.5824e-01  3.1511e-02
  1.4316e+03  1.1142e+00  6.3926e-02
  1.4326e+03  8.5203e-01  3.9084e-02
  1.4337e+03  9.9274e-01  4.0012e-02
  1.4347e+03  1.0991e+00  4.5330e-02
  1.4358e+03  9.9736e-01  5.4122e-02
  1.4368e+03  9.0268e-01  6.6870e-02
  1.4379e+03  9.5298e-01  6.1723e-02
  1.4389e+03  9.1748e-01  4.3506e-02
  1.4400e+03  1.0516e+00  6.1391e-02
  1.4411e+03  9.4409e-01  3.8210e-02
  1.4421e+03  8.9047e-01  6.4879e-02
  1.4432e+03  8.7300e-01  4.7227e-02
  1.4442e+03  1.1063e+00  4.8019e-02
  1.4453e+03  9.9451e-01  4.0091e-02
  1.4463e+03  1.0107e+00  3.6621e-02
  1.4474e+03  1.0188e+00  6.5392e-02
  1.4484e+03  8.2776e-01  4.3159e-02
  1.4495e+03  1.1212e+00  3.7019e-02
  1.4505e+03  9.0198e-01  5.2772e-02
  1.4516e+03  9.1693e-01  4.0930e-02
  1.4526e+03  1.0440e+00  6.3633e-02
  1.4537e+03  1.0344e+00  4.6670e-02
  1.4547e+03  1.2647e+00  6.8263e-02
  1.4558e+03  1.0182e+00  5.4152e-02
  1.4568e+03  8.7805e-01  4.1207e-02
  1.4579e+03  9.9404e-01  5.2769e-02
  1.4589e+03  9.6360e-01  5.1270e-02
  1.4600e+03  9.8090e-01  5.2313e-02
  1.4610e+03  8.6965e-01  5.6847e-02
  1.4621e+03  9.7465e-01  6.3858e-02
  1.4631e+03  1.0459e+00  3.1843e-02
  1.4642e+03  1.1910e+00  5.3362e-02
  1.4652e+03  1.1247e+00  5.3082e-02
  1.4663e+03  9.3743e-01  3.8633e-02
  1.4673e+03  9.2186e-01  6.9063e-02
  1.4684e+03  9.9034e-01  3.8003e-02
  1.4694e+03  9.5758e-01  4.8245e-02
  1.4705e+03  9.3073e-01  4.1387e-02
  1.4715e+03  9.4986e-01  4.5872e-02
  1.4726e+03  9.9877e-01  3.8383e-02
  1.4736e+03  1.0083e+00  5.8469e-02
  1.4747e+03  1.0071e+00  3.9694e-02
  1.4757e+03  1.0122e+00  4.5808e-02
  1.4768e+03  9.3739e-01  4.0233e-02
  1.4778e+03  1.0462e+00  4.2001e-02
  1.4789e+03  1.0821e+00  4.1392e-02
  1.4799e+03  1.0337e+00  5.9251e-02
  1.4810e+03  7.7650e-01  5.6253e-02
  1.4820e+03  9.4714e-01  3.8456e-02
  1.4831e+03  9.0488e-01  5.3464e-02
  1.4841e+03  1.0971e+00  6.8948e-02
  1.4852e+03  9.0530e-01  6.2774e-02
  1.4862e+03  9.2125e-01  6.0494e-02
  1.4873e+03  8.8824e-01  5.0806e-02
  1.4883e+03  1.0374e+00  3.9053e-02
  1.4894e+03  9.8919e-01  4.7909e-02
  1.4904e+03  9.2399e-01  3.8382e-02
  1.4915e+03  8.8969e-01  4.8421e-02
  1.4925e+03  9.8289e-01  3.9610e-02
  1.4936e+03  1.0070e+00  4.9502e-02
  1.4946e+03  9.8596e-01  3.8820e-02
  1.4957e+03  9.4179e-01  6.6328e-02
  1.4967e+03  1.0544e+00  7.9412e-02
  1.4978e+03  8.6652e-01  3.9199e-02
  1.4988e+03  8.5745e-01  3.4212e-02
  1.4999e+03  8.6482e-01  6.1963e-02
  1.5009e+03  8.4286e-01  5.4226e-02
  1.5020e+03  1.0326e+00  3.5483e-02
  1.5030e+03  8.9097e-01  4.6070e-02
  1.5041e+03  9.4345e-01  4.6067e-02
  1.5051e+03  9.2839e-01  6.4900e-02
  1.5062e+03  9.4626e-01  4.9424e-02
  1.5072e+03  8.6142e-01  6.5535e-02
  1.5083e+03  9.2143e-01  4.2694e-02
  1.5093e+03  9.4596e-01  5.8609e-02
  1.5104e+03  8.5260e-01  5.7057e-02
  1.5114e+03  1.0164e+00  3.7452e-02
  1.5125e+03  1.0566e+00  5.3691e-02
  1.5135e+03  8.6221e-01  3.3950e-02
  1.5146e+03  9.0304e-01  4.7137e-02
  1.5156e+03  1.0435e+00  6.7966e-02
  1.5167e+03  7.7678e-01  5.9588e-02
  1.5177e+03  7.7972e-01  5.4313e-02
  1.5188e+03  9.4004e-01  4.7008e-02
  1.5198e+03  9.3642e-01  4.5519e-02
  1.5209e+03  7.9300e-01  5.5974e-02
  1.5220e+03  8.1027e-01  5.4367e-02
  1.5230e+03  8.8602e-01  7.4678e-02
  1.5241e+03  8.2571e-01  5.8893e-02
  1.5251e+03  7.3093e-01  3.6083e-02
  1.5262e+03  6.5253e-01  3.9059e-02
  1.5272e+03  6.7562e-01  6.0811e-02
  1.5283e+03  1.0084e+00  3.6032e-02
  1.5293e+03  7.1455e-01  6.1054e-02
  1.5304e+03  9.4595e-01  5.4309e-02
  1.5314e+03  8.4855e-01  6.0091e-02
  1.5325e+03  9.0446e-01  5.4538e-02
  1.5335e+03  7.0652e-01  4.6196e-02
  1.5346e+03  8.6234e-01  5.8281e-02
  1.5356e+03  8.4445e-01  6.5454e-02
  1.5367e+03  6.9835e-01  6.8045e-02
  1.5377e+03  7.5213e-01  5.5253e-02
  1.5388e+03  8.8783e-01  6.0671e-02
  1.5398e+03  6.9016e-01  5.3210e-02
  1.5409e+03  7.6220e-01  6.9868e-02
  1.5419e+03  6.3420e-01  6.5870e-02
  1.5430e+03  5.5499e-01  5.7492e-02
  1.5440e+03  7.4105e-01  5.0012e-02
  1.5451e+03  5.1163e-01  3.5142e-02
  1.5461e+03  6.1898e-01  4.6498e-02
  1.5472e+03  4.1571e-01  6.0950e-02
  1.5482e+03  5.7229e-01  6.8942e-02
  1.5493e+03  7.1292e-01  3.9568e-02
  1.5503e+03  7.8961e-01  7.1985e-02
  1.5514e+03  8.4722e-01  5.2575e-02
  1.5524e+03  9.7845e-01  6.5227e-02
  1.5535e+03  1.1369e+00  2.6751e-02
  1.5545e+03  9.2390e-01  6.2132e-02
  1.5556e+03  1.0363e+00  4.9555e-02
  1.5566e+03  9.7811e-01  6.1479e-02
  1.5577e+03  9.3602e-01  5.8987e-02
  1.5587e+03  1.0638e+00  5.3707e-02
  1.5598e+03  8.0740e-01  6.7395e-02
  1.5608e+03  7.6434e-01  7.1307e-02
  1.5619e+03  1.0556e+00  4.4041e-02
  1.5629e+03  8.6806e-01  4.0945e-02
  1.5640e+03  8.8585e-01  5.5992e-02
  1.5650e+03  8.9648e-01  5.8113e-02
  1.5661e+03  1.0054e+00  5.3385e-02
  1.5671e+03  8.6792e-01  7.6505e-02
  1.5682e+03  9.2750e-01  5.1371e-02
  1.5692e+03  8.2676e-01  5.0240e-02
  1.5703e+03  1.0318e+00  9.2969e-02
  1.5713e+03  9.5280e-01  4.4840e-02
  1.5724e+03  9.2763e-01  7.5220e-02
  1.5734e+03  7.4506e-01  6.2713e-02
  1.5745e+03  1.1019e+00  6.5250e-02
  1.5755e+03  8.9591e-01  6.7908e-02
  1.5766e+03  8.5052e-01  7.0738e-02
  1.5776e+03  9.6775e-01  7.1470e-02
  1.5787e+03  9.1250e-01  6.1103e-02
  1.5797e+03  9.5295e-01  4.3050e-02
  1.5808e+03  9.0172e-01  7.4084e-02
  1.5818e+03  8.8108e-01  4.1669e-02
  1.5829e+03  9.1601e-01  4.8095e-02
  1.5839e+03  9.2205e-01  6.0253e-02
  1.5850e+03  9.8479e-01  4.0100e-02
  1.5860e+03  8.2028e-01  4.6015e-02
  1.5871e+03  8.7118e-01  5.2504e-02
  1.5881e+03  6.9399e-01  5.5730e-02
  1.5892e+03  8.2441e-01  5.3139e-02
  1.5902e+03  9.8516e-01  4.7453e-02
  1.5913e+03  9.7091e-01  7.0095e-02
  1.5923e+03  9.0115e-01  5.3073e-02
  1.5934e+03  1.0044e+00  3.4644e-02
  1.5944e+03  9.4431e-01  8.8038e-02
  1.5955e+03  7.9890e-01  4.3197e-02
  1.5965e+03  9.4539e-01  7.4603e-02
  1.5976e+03  8.4611e-01  4.3380e-02
  1.5986e+03  7.9260e-01  5.1853e-02
  1.5997e+03  7.8725e-01  7.5130e-02
  1.6008e+03  1.0389e+00  4.1410e-02
  1.6018e+03  6.1044e-01  9.7999e-02
  1.6029e+03  7.5782e-01  5.7197e-02
  1.6039e+03  7.9109e-01  5.8960e-02
  1.6050e+03  9.6061e-01  5.7838e-02
  1.6060e+03  6.6345e-01  9.3692e-02
  1.6071e+03  7.2506e-01  5.6673e-02
  1.6081e+03  8.2281e-01  6.5361e-02
  1.6092e+03  7.4433e-01  7.4896e-02
  1.6102e+03  6.4116e-01  5.1461e-02
  1.6113e+03  1.0318e+00  7.4369e-02
  1.6123e+03  8.0384e-01  4.1728e-02
  1.6134e+03  9.8748e-01  5.1299e-02
  1.6144e+03  8.5955e-01  4.6356e-02
  1.6155e+03  9.1290e-01  4.0015e-02
  1.6165e+03  8.5846e-01  7.6535e-02
  1.6176e+03  9.7692e-01  7.0878e-02
  1.6186e+03  6.0121e-01  3.8074e-02
  1.6197e+03  8.6413e-01  7.2829e-02
  1.6207e+03  9.5670e-01  7.3531e-02
  1.6218e+03  8.6936e-01  4.9986e-02
  1.6228e+03  7.9025e-01  5.3054e-02
  1.6239e+03  6.8157e-01  8.1918e-02
  1.6249e+03  8.5213e-01  5.1635e-02
  1.6260e+03  8.5084e-01  4.2138e-02
  1.6270e+03  7.5965e-01  5.4278e-02
  1.6281e+03  7.9381e-01  6.2337e-02
  1.6291e+03  9.0275e-01  5.6669e-02
  1.6302e+03  9.2172e-01  6.4727e-02
  1.6312e+03  8.8846e-01  5.8863e-02
  1.6323e+03  9.6207e-01  5.2541e-02
  1.6333e+03  8.3185e-01  5.9178e-02
  1.6344e+03  9.1572e-01  4.6726e-02
  1.6354e+03  9.0489e-01  6.7191e-02
  1.6365e+03  7.1454e-01  5.4628e-02
  1.6375e+03  8.7664e-01  8.9506e-02
  1.6386e+03  9.2205e-01  5.7039e-02
  1.6396e+03  8.6884e-01  9.1985e-02
  1.6407e+03  8.2816e-01  1.1361e-01
  1.6417e+03  9.0640e-01  6.5156e-02
  1.6428e+03  8.8741e-01  8.6836e-02
  1.6438e+03  9.0548e-01  9.4402e-02
  1.6449e+03  8.1731e-01  8.7104e-02
  1.6459e+03  9.8652e-01  9.9912e-02
  1.6470e+03  8.0411e-01  7.7129e-02
  1.6480e+03  7.4572e-01  4.3535e-02
  1.6491e+03  6.8934e-01  9.9697e-02
  1.6501e+03  8.9046e-01  8.4686e-02
  1.6512e+03  9.8260e-01  5.5305e-02
  1.6522e+03  8.9951e-01  7.2831e-02
  1.6533e+03  7.9582e-01  5.5840e-02
  1.6543e+03  7.5360e-01  7.6799e-02
  1.6554e+03  8.4728e-01  7.4698e-02
  1.6564e+03  9.9246e-01  6.6937e-02
  1.6575e+03  9.4739e-01  6.3983e-02
  1.6585e+03  7.7517e-01  4.8492e-02
  1.6596e+03  1.0668e+00  7.9257e-02
  1.6606e+03  8.7995e-01  6.0547e-02
  1.6617e+03  7.0361e-01  8.7132e-02
  1.6627e+03  8.5372e-01  7.4358e-02
  1.6638e+03  8.9295e-01  5.3317e-02
  1.6648e+03  9.6476e-01  6.0957e-02
  1.6659e+03  7.2838e-01  7.2338e-02
  1.6669e+03  9.8073e-01  7.5027e-02
  1.6680e+03  6.9194e-01  7.3740e-02
  1.6690e+03  8.7990e-01  6.0709e-02
  1.6701e+03  7.8745e-01  5.8504e-02
  1.6711e+03  6.4463e-01  7.1106e-02
  1.6722e+03  8.3864e-01  5.9550e-02
  1.6732e+03  8.6442e-01  5.8391e-02
  1.6743e+03  5.6917e-01  7.3961e-02
  1.6753e+03  6.1346e-01  6.8248e-02
  1.6764e+03  8.5232e-01  9.5998e-02
  1.6774e+03  8.7233e-01  6.7746e-02
  1.6785e+03  7.4285e-01  5.1659e-02
  1.6795e+03  9.7470e-01  8.2169e-02
  1.6806e+03  8.5849e-01  6.9760e-02
  1.6817e+03  1.0098e+00  8.3451e-02
  1.6827e+03  1.0192e+00  1.1973e-01
  1.6838e+03  8.6288e-01  8.2221e-02
  1.6848e+03  6.7784e-01  8.4454e-02
  1.6859e+03  9.4614e-01  8.5076e-02
  1.6869e+03  1.0466e+00  3.0330e-02
  1.6880e+03  9.8775e-01  1.0921e-01
  1.6890e+03  8.8248e-01  8.0743e-02
  1.6901e+03  6.7378e-01  8.4669e-02
  1.6911e+03  6.5940e-01  8.8837e-02
  1.6922e+03  9.0262e-01  8.4581e-02
  1.6932e+03  7.7636e-01  6.6650e-02
  1.6943e+03  9.8216e-01  8.6043e-02
  1.6953e+03  7.6477e-01  5.6400e-02
  1.6964e+03  7.1540e-01  9.7446e-02
  1.6974e+03  8.8801e-01  9.1950e-02
  1.6985e+03  6.8139e-01  6.2426e-02
  1.6995e+03  1.0845e+00  7.2763e-02
  1.7006e+03  9.6016e-01  6.8561e-02
  1.7016e+03  7.0209e-01  8.4988e-02
  1.7027e+03  6.7575e-01  8.6736e-02
  1.7037e+03  7.3866e-01  1.0012e-01
  1.7048e+03  6.9209e-01  7.4799e-02
  1.7058e+03  9.0552e-01  9.1124e-02
  1.7069e+03  7.2471e-01  7.5912e-02
  1.7079e+03  6.0059e-01  8.5249e-02
  1.7090e+03  8.3090e-01  4.7302e-02
  1.7100e+03  8.0042e-01  4.6864e-02
  1.7111e+03  7.4231e-01  1.1727e-01
  1.7121e+03  7.7105e-01  7.9737e-02
  1.7132e+03  7.5240e-01  8.0146e-02
  1.7142e+03  7.5180e-01  4.8431e-02
  1.7153e+03  9.1052e-01  5.8332e-02
  1.7163e+03  7.2880e-01  8.7184e-02
  1.7174e+03  7.6002e-01  9.9640e-02
  1.7184e+03  7.7811e-01  9.0305e-02
  1.7195e+03  8.6210e-01  1.1549e-01
  1.7205e+03  6.9022e-01  1.2109e-01
  1.7216e+03  7.9906e-01  6.7474e-02
  1.7226e+03  9.0845e-01  7.9973e-02
  1.7237e+03  7.3867e-01  6.9564e-02
  1.7247e+03  8.3640e-01  1.5856e-01
  1.7258e+03  8.2511e-01  1.1824e-01
  1.7268e+03  8.7624e-01  8.6003e-02
  1.7279e+03  7.8950e-01  3.9820e-02
  1.7289e+03  6.9852e-01  9.1631e-02
  1.7300e+03  8.9344e-01  1.2376e-01
  1.7310e+03  6.8915e-01  8.7900e-02
  1.7321e+03  1.0326e+00  1.0389e-01
  1.7331e+03  7.6380e-01  8.5182e-02
  1.7342e+03  7.7084e-01  9.2557e-02
  1.7352e+03  9.8471e-01  5.9245e-02
  1.7363e+03  6.4361e-01  8.1006e-02
  1.7373e+03  6.4611e-01  7.8008e-02
  1.7384e+03  6.8877e-01  1.2335e-01
  1.7394e+03  7.5910e-01  6.1894e-02
  1.7405e+03  9.3805e-01  7.6144e-02
  1.7415e+03  9.5729e-01  1.0030e-01
  1.7426e+03  6.9948e-01  9.6217e-02
  1.7436e+03  9.6990e-01  7.9200e-02
  1.7447e+03  8.8605e-01  6.2911e-02
  1.7457e+03  9.7365e-01  1.5299e-01
  1.7468e+03  7.4863e-01  1.0417e-01
  1.7478e+03  8.7142e-01  8.9594e-02
  1.7489e+03  6.6730e-01  8.2581e-02
  1.7499e+03  9.7287e-01  1.0931e-01
  1.7510e+03  5.2911e-01  1.0470e-01
  1.7520e+03  8.4338e-01  9.2644e-02
  1.7531e+03  7.8746e-01  8.1782e-02
  1.7541e+03  7.1322e-01  8.3392e-02
  1.7552e+03  7.0013e-01  1.2732e-01
  1.7562e+03  6.8570e-01  7.5878e-02
  1.7573e+03  9.3960e-01  7.3088e-02
  1.7583e+03  7.1390e-01  1.6056e-01
  1.7594e+03  7.5256e-01  6.5687e-02
  1.7605e+03  9.0108e-01  1.2724e-01
  1.7615e+03  6.3183e-01  1.2021e-01
  1.7626e+03  8.3920e-01  7.0514e-02
  1.7636e+03  7.3143e-01  1.0986e-01
  1.7647e+03  8.7663e-01  6.4721e-02
  1.7657e+03  8.6422e-01  2.0774e-01
  1.7668e+03  8.8135e-01  8.7537e-02
  1.7678e+03  7.4512e-01  7.5637e-02
  1.7689e+03  5.9518e-01  1.0303e-01
  1.7699e+03  6.8282e-01  9.4764e-02
  1.7710e+03  8.5969e-01  1.0721e-01
  1.7720e+03  7.6306e-01  1.0966e-01
  1.7731e+03  7.0530e-01  8.1616e-02
  1.7741e+03  7.8178e-01  1.7864e-01
  1.7752e+03  6.4160e-01  6.8723e-02
  1.7762e+03  5.6458e-01  8.5268e-02
  1.7773e+03  8.4527e-01  6.0359e-02
  1.7783e+03  5.3167e-01  1.2157e-01
  1.7794e+03  9.4752e-01  5.8839e-02
  1.7804e+03  8.7907e-01  1.0060e-01
  1.7815e+03  8.7181e-01  1.4879e-01
  1.7825e+03  8.6479e-01  1.7733e-01
  1.7836e+03  6.7879e-01  1.0050e-01
  1.7846e+03  7.8671e-01  8.3366e-02
  1.7857e+03  7.3273e-01  8.0523e-02
  1.7867e+03  9.6169e-01  1.3650e-01
  1.7878e+03  9.5724e-01  5.1839e-02
  1.7888e+03  6.6430e-01  1.1821e-01
  1.7899e+03  6.7230e-01  1.2778e-01
  1.7909e+03  6.5248e-01  1.5197e-01
  1.7920e+03  7.0596e-01  1.0830e-01
  1.7930e+03  8.8296e-01  2.0855e-01
  1.7941e+03  7.3098e-01  1.0505e-01
  1.7951e+03  9.2377e-01  8.6613e-02
  1.7962e+03  7.7638e-01  2.0131e-01
  1.7972e+03  6.6919e-01  1.4222e-01
  1.7983e+03  8.7256e-01  2.0986e-01
  1.7993e+03  8.5517e-01  1.8660e-01
  1.8004e+03  7.8792e-01  6.7430e-02
  1.8014e+03  8.3075e-01  7.4781e-02
  1.8025e+03  1.1144e+00  1.7218e-01
  1.8035e+03  9.5768e-01  1.1004e-01
  1.8046e+03  7.1275e-01  1.4878e-01
  1.8056e+03  9.2198e-01  2.0047e-01
  1.8067e+03  7.2735e-01  1.7336e-01
  1.8077e+03  5.0932e-01  1.4629e-01
  1.8088e+03  8.1582e-01  1.1897e-01
  1.8098e+03  1.0040e+00  2.8091e-01
  1.8109e+03  5.3044e-01  1.7550e-01
  1.8119e+03  1.0498e+00  1.0814e-01
  1.8130e+03  8.5538e-01  1.6694e-01
  1.8140e+03  5.6517e-01  1.1285e-01
  1.8151e+03  8.8858e-01  1.5873e-01
  1.8161e+03  8.5095e-01  1.5716e-01
  1.8172e+03  1.0928e+00  3.5761e-01
  1.8182e+03  4.9275e-01  5.6230e-03
  1.8193e+03  8.6125e-01  1.9024e-01
  1.8203e+03  4.7238e-01  1.6069e-01
  1.8214e+03  6.6394e-01  1.5354e-01
  1.8224e+03  7.0994e-01  1.7136e-01
  1.8235e+03  9.5853e-01  2.9247e-01
  1.8245e+03  1.1811e+00  7.1858e-02
  1.8256e+03  7.9211e-01  1.8274e-01
  1.8266e+03  8.0636e-01  8.0113e-02
  1.8277e+03  9.6316e-01  3.6236e-02
  1.8287e+03  7.8140e-01  1.5513e-01
  1.8298e+03  3.2601e-01  1.6042e-01
  1.8308e+03  9.5379e-01  2.6813e-01
  1.8319e+03  6.5323e-01  1.4406e-01
  1.8329e+03  1.1340e+00  2.6384e-01
  1.8340e+03  4.0760e-01  2.5835e-01
  1.8350e+03  7.6564e-01  1.7907e-01
  1.8361e+03  8.0340e-01  1.6390e-01
  1.8371e+03  1.0729e+00  3.1294e-01
  1.8382e+03  9.0058e-01  1.5891e-01
  1.8392e+03  7.5665e-01  1.5174e-01
  1.8403e+03  9.3839e-01  1.5503e-01
  1.8414e+03  9.9555e-01  1.6104e-01
  1.8424e+03  9.8449e-01  1.1560e-01
  1.8435e+03  7.4304e-01  3.3244e-01
  1.8445e+03  6.8842e-01  9.1235e-02
  1.8456e+03  8.3218e-01  7.9093e-02
  1.8466e+03  7.2225e-01  1.4853e-01
  1.8477e+03  8.1653e-01  2.2914e-01
  1.8487e+03  8.7267e-01  1.8494e-01
  1.8498e+03  6.3311e-01  1.3636e-01
  1.8508e+03  9.5291e-01  1.3381e-01
  1.8519e+03  8.5059e-01  4.0380e-01
  1.8529e+03  6.0044e-01  2.3740e-01
  1.8540e+03  8.7220e-01  1.7394e-01
  1.8550e+03  5.1636e-01  1.1237e-01
  1.8561e+03  5.0014e-01  4.0994e-01
  1.8571e+03  7.2126e-01  2.2493e-01
  1.8582e+03  6.3530e-01  9.9686e-02
  1.8592e+03  7.5929e-01  2.3035e-01
  1.8603e+03  5.2643e-01  1.9183e-01
  1.8613e+03  8.6705e-01  2.1924e-01
  1.8624e+03  5.3796e-01  1.6595e-01
  1.8634e+03  6.0968e-01  4.2809e-01
  1.8645e+03  4.9836e-01  1.4962e-01
  1.8655e+03  8.3782e-01  9.7806e-02
  1.8666e+03  1.2952e+00  3.4177e-01
  1.8676e+03  7.0812e-01  2.6784e-01
  1.8687e+03  7.5680e-01  1.9580e-01
  1.8697e+03  4.0411e-01  1.2476e-01
  1.8708e+03  9.9689e-01  2.2285e-01
  1.8718e+03  4.1984e-01  2.0270e-01
  1.8729e+03  1.8401e+00  8.4225e-01
  1.8739e+03  6.2409e-01  1.9923e-01
  1.8750e+03  1.0992e+00  5.8250e-02
  1.8760e+03  6.5360e-01  5.2828e-01
  1.8771e+03  4.8202e-01  1.2312e-01
  1.8781e+03  1.0407e+00  2.2807e-01
  1.8792e+03  1.1075e+00  4.0408e-01
  1.8802e+03  8.3171e-01  3.0468e-01
  1.8813e+03  1.2134e+00  1.2866e-01
  1.8823e+03  8.0117e-01  2.9764e-01
  1.8834e+03  1.1252e+00  1.2034e-01
  1.8844e+03  7.4538e-01  2.5940e-01
  1.8855e+03  6.8353e-01  3.9320e-01
  1.8865e+03  1.3665e+00  4.9116e-01
  1.8876e+03  9.3179e-01  1.8331e-01
  1.8886e+03  1.0608e+00  2.9948e-01
  1.8897e+03  8.1651e-01  1.8718e-01
  1.8907e+03  7.3019e-01  4.9698e-02
  1.8918e+03  1.1420e+00  2.5712e-01
  1.8928e+03  6.1382e-01  2.9082e-01
  1.8939e+03  7.0893e-01  2.6920e-01
  1.8949e+03  8.9130e-01  5.3420e-01
  1.8960e+03  7.4964e-01  6.9837e-02
  1.8970e+03  1.0865e+00  3.1832e-01
  1.8981e+03  8.2029e-01  3.3877e-01
  1.8991e+03  6.5395e-01  2.0359e-01
  1.9002e+03  1.1033e+00  1.7506e-01
  1.9012e+03  1.2290e+00  3.1333e-01
  1.9023e+03  1.2093e+00  2.3203e-01
  1.9033e+03  6.6767e-01  1.7834e-01
  1.9044e+03  1.1026e+00  1.4422e-01
  1.9054e+03  1.2662e+00  5.9012e-01
  1.9065e+03  1.2444e+00  2.2158e-01
  1.9075e+03  1.3564e+00  2.8343e-01
  1.9086e+03  2.1224e+00  4.8538e-01
  1.9096e+03  9.1315e-01  2.4651e-01
  1.9107e+03  4.4213e-01  2.8890e-01
  1.9117e+03  3.1744e-01  5.9783e-01
  1.9128e+03  1.1150e+00  1.5819e-01
  1.9138e+03  9.4978e-01  3.8523e-01
  1.9149e+03  1.0195e+00  2.0296e-01
  1.9159e+03  4.6458e-01  4.2535e-01
  1.9170e+03  9.0576e-01  1.0738e-01
  1.9180e+03  8.4028e-01  4.2025e-01
  1.9191e+03  6.1506e-01  1.7143e-01
  1.9202e+03  9.8844e-01  2.4211e-01
  1.9212e+03  3.1309e-01  1.5523e-01
  1.9223e+03  3.4533e-01  3.9204e-01
  1.9233e+03  4.8589e-01  1.6357e-01
  1.9244e+03  3.3232e-01  8.2014e-02
  1.9254e+03  1.6419e+00  2.2027e-01
  1.9265e+03  7.1104e-01  2.7760e-01
  1.9275e+03  6.5814e-01  4.4963e-01
  1.9286e+03  9.9045e-01  1.5378e-01
  1.9296e+03  6.8095e-01  1.9045e-01
  1.9307e+03  4.7627e-01  2.0030e-01
  1.9317e+03  5.6951e-01  2.5881e-01
  1.9328e+03  5.2728e-01  1.1970e-01
  1.9338e+03  1.2325e+00  7.3390e-02
  1.9349e+03  9.8314e-01  2.0337e-01
  1.9359e+03  7.2926e-01  4.3141e-02
  1.9370e+03  1.1757e+00  4.5617e-01
  1.9380e+03  7.7220e-01  2.6708e-01
  1.9391e+03  4.2970e-01  4.2970e-01
  1.9401e+03  6.0729e-01  3.6980e-01
  1.9412e+03  6.4424e-01  5.5897e-01
  1.9422e+03  0.0000e+00  0.0000e+00
  1.9433e+03  1.0159e+00  1.4248e-01
  1.9443e+03  1.1812e+00  5.6955e-01
  1.9454e+03  1.0791e+00  1.9895e-01
  1.9464e+03  1.0849e+00  2.8026e-01
  1.9475e+03  3.2973e-02  4.0898e-01
  1.9485e+03  3.7200e-01  4.1980e-01
  1.9496e+03  9.5556e-01  4.6285e-02
  1.9506e+03  1.8276e+00  2.4088e-01
  1.9517e+03  1.6921e+00  5.7465e-01
  1.9527e+03  1.1416e+00  3.5279e-01
  1.9538e+03  3.1917e-01  4.2232e-01
  1.9548e+03  1.5000e+00  4.4391e-01
  1.9559e+03  1.5012e+00  4.9148e-01
  1.9569e+03  8.9473e-01  5.6898e-01
  1.9580e+03  8.7781e-01  4.4254e-01
  1.9590e+03  1.2728e+00  2.1278e-01
  1.9601e+03  0.0000e+00  0.0000e+00
  1.9611e+03  5.9773e-01  1.0148e+00
  1.9622e+03  8.6907e-01  3.3120e-01
  1.9632e+03  0.0000e+00  0.0000e+00
  1.9643e+03  9.8928e-01  6.2596e-01
  1.9653e+03  7.3252e-01  6.6287e-01
  1.9664e+03  0.0000e+00  0.0000e+00
  1.9674e+03  5.2767e-01  9.4919e-01
  1.9685e+03  1.5994e+00  3.3359e-01
  1.9695e+03  0.0000e+00  0.0000e+00
  1.9706e+03  1.7532e+00  4.0497e-01
  1.9716e+03  8.0187e-01  5.6451e-01
  1.9727e+03  0.0000e+00  0.0000e+00
  1.9737e+03  4.3421e-01  7.6055e-01
  1.9748e+03  8.0455e-01  6.7244e-01
  1.9758e+03  0.0000e+00  0.0000e+00
  1.9769e+03  1.1958e+00  5.3440e-01
  1.9779e+03  0.0000e+00  0.0000e+00
  1.9790e+03  0.0000e+00  0.0000e+00
  1.9800e+03  1.6942e+00  2.1434e-01
  1.9811e+03  0.0000e+00  0.0000e+00
  1.9821e+03  0.0000e+00  0.0000e+00
  1.9832e+03  5.7122e-01  1.6123e-01
  1.9842e+03  0.0000e+00  0.0000e+00
  1.9853e+03  2.8263e+00  5.1867e-01
  1.9863e+03  9.8389e-01  1.4724e-01
  1.9874e+03  0.0000e+00  0.0000e+00
  1.9884e+03  1.1926e+00  2.5144e-01
  1.9895e+03  1.4129e+00  4.1414e-01
  1.9905e+03  0.0000e+00  0.0000e+00
  1.9916e+03  5.2586e-01  9.9782e-01
  1.9926e+03  1.3936e+00  2.4464e-01
  1.9937e+03  0.0000e+00  0.0000e+00
  1.9947e+03  1.4415e+00  1.0509e+00
  1.9958e+03  0.0000e+00  0.0000e+00
  1.9968e+03  0.0000e+00  0.0000e+00
  1.9979e+03  1.6672e+00  5.2182e-01
