wave flux error
  8.8000e+02  3.6724e-02  1.2314e-01
  8.8105e+02  2.4234e-01  1.0144e-01
  8.8210e+02  1.3463e-01  1.1071e-01
  8.8315e+02  1.1122e-01  1.7972e-01
  8.8420e+02  7.6505e-02  9.9042e-02
  8.8525e+02  9.5564e-02  9.2646e-02
  8.8630e+02  1.0183e-02  4.6775e-02
  8.8735e+02  2.4642e-01  1.0452e-01
  8.8841e+02 -1.3530e-01  5.2839e-02
  8.8946e+02  2.9980e-02  1.1664e-01
  8.9051e+02 -8.2470e-02  3.4938e-02
  8.9156e+02 -1.4041e-01  8.2005e-02
  8.9261e+02  2.0792e-01  6.9872e-02
  8.9366e+02 -3.6137e-02  8.2385e-02
  8.9471e+02 -5.3359e-02  1.0849e-01
  8.9576e+02  5.2002e-02  7.3409e-02
  8.9681e+02 -1.3951e-02  5.7690e-02
  8.9786e+02 -3.9373e-02  8.2560e-02
  8.9891e+02  6.0163e-02  9.6706e-02
  8.9996e+02  1.8647e-01  8.0734e-02
  9.0101e+02  1.2928e-01  6.2634e-02
  9.0206e+02  1.8689e-02  7.3573e-02
  9.0311e+02  5.8496e-02  1.1079e-01
  9.0417e+02  1.0076e-01  9.9094e-02
  9.0522e+02  2.8754e-04  9.6265e-02
  9.0627e+02  1.1463e-01  1.0607e-01
  9.0732e+02  7.3752e-02  9.0880e-02
  9.0837e+02 -7.2964e-02  7.2796e-02
  9.0942e+02  5.0770e-02  7.7494e-02
  9.1047e+02  1.0257e-01  8.5580e-02
  9.1152e+02  1.0996e-01  5.1711e-02
  9.1257e+02  1.1838e-01  1.0515e-01
  9.1362e+02 -5.8363e-02  6.4533e-02
  9.1467e+02 -1.9659e-02  7.2784e-02
  9.1572e+02  1.1926e-01  4.9801e-02
  9.1677e+02  1.1129e-01  5.5364e-02
  9.1782e+02  1.0362e-01  1.3247e-01
  9.1887e+02  2.4653e-02  1.2431e-01
  9.1992e+02  1.0858e-01  6.4294e-02
  9.2098e+02  2.7543e-02  6.0169e-02
  9.2203e+02  8.7354e-02  5.7042e-02
  9.2308e+02 -5.2590e-02  8.0991e-02
  9.2413e+02 -2.6427e-02  3.9196e-02
  9.2518e+02  1.6702e-01  6.8898e-02
  9.2623e+02  4.7690e-02  5.1965e-02
  9.2728e+02  1.4310e-01  5.3385e-02
  9.2833e+02  1.5228e-01  5.8790e-02
  9.2938e+02  1.4980e-01  2.6759e-02
  9.3043e+02  4.5760e-01  7.5981e-02
  9.3148e+02  2.0026e-01  8.8344e-02
  9.3253e+02  1.5076e-01  5.5598e-02
  9.3358e+02  1.7165e-01  4.4452e-02
  9.3463e+02  2.3216e-01  5.2831e-02
  9.3568e+02  1.9660e-01  4.4281e-02
  9.3674e+02  2.9249e-01  5.1847e-02
  9.3779e+02  2.9057e-01  6.0048e-02
  9.3884e+02  1.5462e-01  7.2900e-02
  9.3989e+02  3.8596e-01  6.1193e-02
  9.4094e+02  3.7526e-01  7.0009e-02
  9.4199e+02  3.6382e-01  8.6048e-02
  9.4304e+02  3.9427e-01  3.3866e-02
  9.4409e+02  5.1135e-01  4.9588e-02
  9.4514e+02  9.2533e-02  7.7168e-02
  9.4619e+02  3.1541e-01  7.5205e-02
  9.4724e+02  4.2219e-01  5.3898e-02
  9.4829e+02  7.4312e-02  5.8091e-02
  9.4934e+02  2.2201e-01  7.1461e-02
  9.5039e+02  2.7255e-01  7.6364e-02
  9.5144e+02  4.5445e-01  4.5704e-02
  9.5250e+02  4.3207e-01  8.2953e-02
  9.5355e+02  4.8202e-01  5.7936e-02
  9.5460e+02  3.2471e-01  4.8999e-02
  9.5565e+02  5.2358e-01  5.1927e-02
  9.5670e+02  4.0202e-01  6.8752e-02
  9.5775e+02  3.2311e-01  3.6555e-02
  9.5880e+02  4.3303e-01  5.8200e-02
  9.5985e+02  3.1385e-01  5.9717e-02
  9.6090e+02  4.7754e-01  5.1520e-02
  9.6195e+02  4.3429e-01  7.3051e-02
  9.6300e+02  3.6104e-01  4.2319e-02
  9.6405e+02  4.5663e-01  4.1140e-02
  9.6510e+02  4.1831e-01  5.4396e-02
  9.6615e+02  5.1478e-01  5.5786e-02
  9.6720e+02  2.6583e-01  5.5396e-02
  9.6826e+02  3.9782e-01  4.8239e-02
  9.6931e+02  2.5357e-01  5.4171e-02
  9.7036e+02  2.1532e-01  4.8006e-02
  9.7141e+02  2.7436e-01  4.1140e-02
  9.7246e+02  2.7049e-01  5.6792e-02
  9.7351e+02  2.6596e-01  3.5604e-02
  9.7456e+02  1.2346e-01  5.1279e-02
  9.7561e+02  3.9801e-01  4.9615e-02
  9.7666e+02  1.9288e-01  4.0893e-02
  9.7771e+02  3.3992e-01  4.0470e-02
  9.7876e+02  4.8700e-01  2.9506e-02
  9.7981e+02  4.9635e-01  6.3629e-02
  9.8086e+02  5.4416e-01  6.2871e-02
  9.8191e+02  4.2960e-01  4.8620e-02
  9.8296e+02  4.2824e-01  4.6171e-02
  9.8402e+02  4.3662e-01  5.3407e-02
  9.8507e+02  5.0747e-01  3.9205e-02
  9.8612e+02  2.9531e-01  5.2906e-02
  9.8717e+02  2.8653e-01  6.1925e-02
  9.8822e+02  3.8821e-01  4.6651e-02
  9.8927e+02  3.1417e-01  3.6972e-02
  9.9032e+02  3.3339e-01  4.7538e-02
  9.9137e+02  3.6777e-01  5.1756e-02
  9.9242e+02  4.4378e-01  5.8498e-02
  9.9347e+02  4.5310e-01  5.1068e-02
  9.9452e+02  4.9496e-01  4.3202e-02
  9.9557e+02  5.0591e-01  6.4183e-02
  9.9662e+02  4.8329e-01  4.8785e-02
  9.9767e+02  5.9614e-01  5.0351e-02
  9.9872e+02  5.2121e-01  5.2373e-02
  9.9977e+02  5.3433e-01  5.5102e-02
  1.0008e+03  6.3348e-01  5.2793e-02
  1.0019e+03  5.7306e-01  5.0693e-02
  1.0029e+03  5.5403e-01  4.8664e-02
  1.0040e+03  4.8926e-01  4.9235e-02
  1.0050e+03  5.3767e-01  4.5087e-02
  1.0061e+03  3.0359e-01  4.1681e-02
  1.0071e+03  5.0498e-01  5.3904e-02
  1.0082e+03  4.5320e-01  6.6210e-02
  1.0092e+03  5.8644e-01  5.8460e-02
  1.0103e+03  4.7825e-01  4.8148e-02
  1.0113e+03  5.0294e-01  4.5783e-02
  1.0124e+03  5.3456e-01  6.8505e-02
  1.0134e+03  6.4990e-01  4.6190e-02
  1.0145e+03  4.6756e-01  5.8871e-02
  1.0155e+03  3.5803e-01  5.1428e-02
  1.0166e+03  3.3419e-01  4.4844e-02
  1.0176e+03  4.8578e-01  7.2626e-02
  1.0187e+03  4.8806e-01  3.6870e-02
  1.0197e+03  3.4458e-01  6.0115e-02
  1.0208e+03  2.6668e-01  5.0681e-02
  1.0218e+03  2.2890e-01  4.6417e-02
  1.0229e+03  2.4481e-01  4.5615e-02
  1.0239e+03  2.4757e-01  5.7386e-02
  1.0250e+03  1.5290e-01  5.6214e-02
  1.0260e+03  1.7855e-01  4.3084e-02
  1.0271e+03  3.6690e-01  3.8604e-02
  1.0281e+03  3.8917e-01  3.6564e-02
  1.0292e+03  3.1517e-01  4.8494e-02
  1.0302e+03  3.1423e-01  3.7140e-02
  1.0313e+03  3.9347e-01  3.7494e-02
  1.0323e+03  3.7913e-01  4.0324e-02
  1.0334e+03  4.1931e-01  4.4278e-02
  1.0344e+03  3.6062e-01  6.5511e-02
  1.0355e+03  3.8754e-01  5.9951e-02
  1.0365e+03  5.6065e-01  4.2231e-02
  1.0376e+03  5.1177e-01  4.8284e-02
  1.0386e+03  4.2675e-01  4.6552e-02
  1.0397e+03  3.6860e-01  5.9196e-02
  1.0408e+03  6.1345e-01  7.2122e-02
  1.0418e+03  5.8051e-01  5.5553e-02
  1.0429e+03  6.5293e-01  3.7638e-02
  1.0439e+03  7.8671e-01  5.5790e-02
  1.0450e+03  5.9699e-01  3.7147e-02
  1.0460e+03  6.5768e-01  5.6996e-02
  1.0471e+03  5.7986e-01  5.3509e-02
  1.0481e+03  6.8792e-01  4.5084e-02
  1.0492e+03  6.0458e-01  6.2194e-02
  1.0502e+03  6.4137e-01  5.6986e-02
  1.0513e+03  6.8531e-01  3.2459e-02
  1.0523e+03  6.4350e-01  3.4314e-02
  1.0534e+03  6.3246e-01  6.7238e-02
  1.0544e+03  7.3201e-01  5.3928e-02
  1.0555e+03  6.3668e-01  3.0997e-02
  1.0565e+03  6.4089e-01  5.9414e-02
  1.0576e+03  8.3390e-01  4.8368e-02
  1.0586e+03  7.0108e-01  5.5960e-02
  1.0597e+03  6.9581e-01  3.7125e-02
  1.0607e+03  7.6288e-01  3.9446e-02
  1.0618e+03  5.2109e-01  4.9001e-02
  1.0628e+03  6.0993e-01  4.9580e-02
  1.0639e+03  6.6250e-01  5.0023e-02
  1.0649e+03  5.6451e-01  4.6659e-02
  1.0660e+03  6.4269e-01  5.2168e-02
  1.0670e+03  5.9539e-01  4.5507e-02
  1.0681e+03  6.7996e-01  4.0289e-02
  1.0691e+03  6.9180e-01  3.0597e-02
  1.0702e+03  6.2749e-01  3.0387e-02
  1.0712e+03  7.1212e-01  5.3127e-02
  1.0723e+03  7.5171e-01  5.1621e-02
  1.0733e+03  6.3248e-01  4.8412e-02
  1.0744e+03  7.3156e-01  5.9945e-02
  1.0754e+03  6.4758e-01  5.4938e-02
  1.0765e+03  7.4899e-01  3.9068e-02
  1.0775e+03  5.5464e-01  3.9605e-02
  1.0786e+03  5.8661e-01  4.9229e-02
  1.0796e+03  6.1813e-01  3.4509e-02
  1.0807e+03  5.8780e-01  4.4874e-02
  1.0817e+03  5.0652e-01  2.6014e-02
  1.0828e+03  6.5925e-01  4.6766e-02
  1.0838e+03  5.4425e-01  3.7321e-02
  1.0849e+03  4.7224e-01  4.3493e-02
  1.0859e+03  5.8490e-01  4.1705e-02
  1.0870e+03  6.3222e-01  5.2975e-02
  1.0880e+03  7.7577e-01  3.4497e-02
  1.0891e+03  7.1718e-01  5.9599e-02
  1.0901e+03  5.3705e-01  4.1602e-02
  1.0912e+03  6.8698e-01  3.6155e-02
  1.0922e+03  6.5743e-01  5.1489e-02
  1.0933e+03  6.9081e-01  4.9590e-02
  1.0943e+03  6.7342e-01  4.2119e-02
  1.0954e+03  7.1632e-01  4.5929e-02
  1.0964e+03  6.5419e-01  4.5763e-02
  1.0975e+03  6.5647e-01  3.8456e-02
  1.0985e+03  6.9924e-01  4.1813e-02
  1.0996e+03  6.1200e-01  3.5139e-02
  1.1006e+03  6.8854e-01  6.3659e-02
  1.1017e+03  7.0688e-01  3.2314e-02
  1.1027e+03  7.6310e-01  2.7525e-02
  1.1038e+03  7.5163e-01  3.1198e-02
  1.1048e+03  7.2577e-01  3.3747e-02
  1.1059e+03  7.4644e-01  3.7160e-02
  1.1069e+03  6.8505e-01  3.0537e-02
  1.1080e+03  6.0949e-01  4.7953e-02
  1.1090e+03  6.5376e-01  3.9657e-02
  1.1101e+03  6.3340e-01  3.8543e-02
  1.1111e+03  6.7304e-01  4.2425e-02
  1.1122e+03  6.1044e-01  4.2235e-02
  1.1132e+03  6.9116e-01  3.9511e-02
  1.1143e+03  7.4667e-01  4.3112e-02
  1.1153e+03  6.1967e-01  4.8605e-02
  1.1164e+03  6.2004e-01  3.3323e-02
  1.1174e+03  6.2288e-01  3.2104e-02
  1.1185e+03  6.9081e-01  3.6830e-02
  1.1195e+03  6.6192e-01  3.1545e-02
  1.1206e+03  6.6314e-01  4.1669e-02
  1.1217e+03  6.3507e-01  3.5225e-02
  1.1227e+03  6.3595e-01  4.5699e-02
  1.1238e+03  5.4771e-01  3.0680e-02
  1.1248e+03  4.9842e-01  3.1749e-02
  1.1259e+03  5.9743e-01  4.7457e-02
  1.1269e+03  6.0816e-01  3.9540e-02
  1.1280e+03  6.9678e-01  4.2429e-02
  1.1290e+03  6.0545e-01  3.8314e-02
  1.1301e+03  5.5491e-01  3.4941e-02
  1.1311e+03  5.8320e-01  3.4017e-02
  1.1322e+03  6.3187e-01  4.5215e-02
  1.1332e+03  5.5143e-01  4.4905e-02
  1.1343e+03  6.8951e-01  2.5287e-02
  1.1353e+03  7.0158e-01  3.7241e-02
  1.1364e+03  6.9540e-01  3.9295e-02
  1.1374e+03  7.5863e-01  4.4926e-02
  1.1385e+03  6.2314e-01  3.9251e-02
  1.1395e+03  7.0029e-01  3.5203e-02
  1.1406e+03  6.3016e-01  4.4351e-02
  1.1416e+03  6.4456e-01  4.1128e-02
  1.1427e+03  5.7621e-01  2.9117e-02
  1.1437e+03  5.9876e-01  3.2858e-02
  1.1448e+03  6.4765e-01  2.8036e-02
  1.1458e+03  7.3105e-01  3.2668e-02
  1.1469e+03  7.5957e-01  3.6731e-02
  1.1479e+03  6.5500e-01  3.7944e-02
  1.1490e+03  7.5556e-01  4.5033e-02
  1.1500e+03  7.7384e-01  4.4587e-02
  1.1511e+03  7.3970e-01  3.6506e-02
  1.1521e+03  7.3093e-01  4.8551e-02
  1.1532e+03  6.9462e-01  4.3333e-02
  1.1542e+03  7.8686e-01  4.5592e-02
  1.1553e+03  8.3450e-01  3.6738e-02
  1.1563e+03  7.7183e-01  3.3546e-02
  1.1574e+03  7.4382e-01  3.3886e-02
  1.1584e+03  7.4299e-01  4.0817e-02
  1.1595e+03  6.6240e-01  3.6757e-02
  1.1605e+03  6.2462e-01  3.9364e-02
  1.1616e+03  7.0986e-01  3.3766e-02
  1.1626e+03  6.7931e-01  3.2459e-02
  1.1637e+03  6.3680e-01  2.9719e-02
  1.1647e+03  5.5708e-01  3.3954e-02
  1.1658e+03  6.6114e-01  2.7823e-02
  1.1668e+03  6.6244e-01  2.6161e-02
  1.1679e+03  6.6875e-01  3.4538e-02
  1.1689e+03  6.4370e-01  4.1802e-02
  1.1700e+03  6.4873e-01  2.4167e-02
  1.1710e+03  5.5665e-01  3.9973e-02
  1.1721e+03  6.7985e-01  2.5359e-02
  1.1731e+03  4.9007e-01  4.0175e-02
  1.1742e+03  4.5607e-01  4.3386e-02
  1.1752e+03  4.0652e-01  3.2461e-02
  1.1763e+03  5.7977e-01  3.8285e-02
  1.1773e+03  6.0238e-01  3.6608e-02
  1.1784e+03  5.6733e-01  3.4700e-02
  1.1794e+03  5.9735e-01  3.4487e-02
  1.1805e+03  5.0462e-01  2.7384e-02
  1.1815e+03  6.9691e-01  3.6726e-02
  1.1826e+03  5.6728e-01  4.1212e-02
  1.1836e+03  6.2857e-01  3.9803e-02
  1.1847e+03  5.9412e-01  4.0889e-02
  1.1857e+03  6.1962e-01  4.7662e-02
  1.1868e+03  6.1723e-01  4.5985e-02
  1.1878e+03  4.7721e-01  4.1653e-02
  1.1889e+03  5.1373e-01  3.7378e-02
  1.1899e+03  3.9262e-01  3.4626e-02
  1.1910e+03  4.4734e-01  5.5459e-02
  1.1920e+03  4.1702e-01  3.5603e-02
  1.1931e+03  4.7397e-01  3.8142e-02
  1.1941e+03  6.6775e-01  3.4020e-02
  1.1952e+03  6.1461e-01  3.9852e-02
  1.1962e+03  6.0459e-01  4.1166e-02
  1.1973e+03  4.6442e-01  3.4561e-02
  1.1983e+03  5.3062e-01  4.2048e-02
  1.1994e+03  6.2465e-01  4.2702e-02
  1.2005e+03  4.6451e-01  3.7090e-02
  1.2015e+03  4.6313e-01  3.9295e-02
  1.2026e+03  4.1224e-01  2.9832e-02
  1.2036e+03  3.4064e-01  3.7186e-02
  1.2047e+03  2.7534e-01  4.7559e-02
  1.2057e+03  2.2198e-01  3.5226e-02
  1.2068e+03  3.1081e-01  3.4664e-02
  1.2078e+03  3.8432e-01  2.7378e-02
  1.2089e+03  2.0493e-01  3.6594e-02
  1.2099e+03  2.6841e-01  3.4143e-02
  1.2110e+03  2.1338e-01  3.0586e-02
  1.2120e+03  3.5571e-01  5.0793e-02
  1.2131e+03  3.2329e-01  5.8166e-02
  1.2141e+03  5.4096e-01  1.2741e-01
  1.2152e+03  6.7607e-01  1.5158e-01
  1.2162e+03  6.9356e-01  1.6018e-01
  1.2173e+03  7.0771e-01  1.1214e-01
  1.2183e+03  7.2600e-01  4.7080e-02
  1.2194e+03  5.9099e-01  3.7309e-02
  1.2204e+03  6.7925e-01  6.0647e-02
  1.2215e+03  6.8676e-01  3.6835e-02
  1.2225e+03  6.6219e-01  5.4056e-02
  1.2236e+03  6.5961e-01  3.2911e-02
  1.2246e+03  8.2225e-01  4.1683e-02
  1.2257e+03  6.5409e-01  3.8174e-02
  1.2267e+03  7.7748e-01  3.0642e-02
  1.2278e+03  7.8171e-01  4.0454e-02
  1.2288e+03  7.9182e-01  4.3031e-02
  1.2299e+03  8.5472e-01  3.1554e-02
  1.2309e+03  8.4847e-01  4.1071e-02
  1.2320e+03  7.5948e-01  3.3380e-02
  1.2330e+03  8.1689e-01  3.2768e-02
  1.2341e+03  8.2940e-01  3.2609e-02
  1.2351e+03  7.4642e-01  2.9227e-02
  1.2362e+03  8.0700e-01  2.8316e-02
  1.2372e+03  8.3677e-01  3.2126e-02
  1.2383e+03  8.5718e-01  2.7877e-02
  1.2393e+03  9.2400e-01  2.6787e-02
  1.2404e+03  9.4184e-01  3.6414e-02
  1.2414e+03  1.0201e+00  3.0726e-02
  1.2425e+03  1.0789e+00  3.4455e-02
  1.2435e+03  1.1253e+00  4.5727e-02
  1.2446e+03  1.0023e+00  3.7164e-02
  1.2456e+03  1.0130e+00  2.6979e-02
  1.2467e+03  9.5732e-01  4.1558e-02
  1.2477e+03  1.0175e+00  3.2048e-02
  1.2488e+03  9.8322e-01  3.4062e-02
  1.2498e+03  9.6353e-01  3.6073e-02
  1.2509e+03  9.9723e-01  2.7450e-02
  1.2519e+03  9.9620e-01  4.3160e-02
  1.2530e+03  1.0167e+00  2.9933e-02
  1.2540e+03  9.2287e-01  3.9460e-02
  1.2551e+03  8.9262e-01  4.5484e-02
  1.2561e+03  8.9652e-01  4.2501e-02
  1.2572e+03  7.4920e-01  4.7276e-02
  1.2582e+03  7.1670e-01  4.4696e-02
  1.2593e+03  6.0329e-01  3.4565e-02
  1.2603e+03  8.2257e-01  4.0791e-02
  1.2614e+03  7.8693e-01  2.8282e-02
  1.2624e+03  9.6897e-01  4.4580e-02
  1.2635e+03  1.0381e+00  3.6443e-02
  1.2645e+03  1.0411e+00  3.9908e-02
  1.2656e+03  1.0919e+00  2.9549e-02
  1.2666e+03  1.0875e+00  3.2238e-02
  1.2677e+03  1.0669e+00  1.9543e-02
  1.2687e+03  1.1109e+00  2.4916e-02
  1.2698e+03  1.1520e+00  2.9680e-02
  1.2708e+03  1.0080e+00  3.2258e-02
  1.2719e+03  1.1667e+00  2.9451e-02
  1.2729e+03  9.8035e-01  3.4282e-02
  1.2740e+03  1.1153e+00  3.9589e-02
  1.2750e+03  1.0497e+00  2.6864e-02
  1.2761e+03  1.0433e+00  2.0896e-02
  1.2771e+03  1.0510e+00  2.8879e-02
  1.2782e+03  1.0384e+00  2.6723e-02
  1.2792e+03  1.1020e+00  3.0943e-02
  1.2803e+03  1.0674e+00  3.1180e-02
  1.2814e+03  1.1179e+00  3.7665e-02
  1.2824e+03  1.0067e+00  3.4080e-02
  1.2835e+03  1.0726e+00  2.4624e-02
  1.2845e+03  1.1026e+00  2.9251e-02
  1.2856e+03  1.1412e+00  4.7108e-02
  1.2866e+03  1.0846e+00  3.3855e-02
  1.2877e+03  1.0772e+00  3.2618e-02
  1.2887e+03  1.0511e+00  2.8538e-02
  1.2898e+03  1.0676e+00  2.2754e-02
  1.2908e+03  1.0754e+00  3.2538e-02
  1.2919e+03  1.0086e+00  2.7722e-02
  1.2929e+03  8.7029e-01  2.8656e-02
  1.2940e+03  1.0766e+00  3.0272e-02
  1.2950e+03  9.4263e-01  2.5841e-02
  1.2961e+03  1.0181e+00  2.4427e-02
  1.2971e+03  9.0032e-01  2.9268e-02
  1.2982e+03  9.3177e-01  2.1263e-02
  1.2992e+03  7.1914e-01  3.5668e-02
  1.3003e+03  7.0897e-01  6.1229e-02
  1.3013e+03  6.6299e-01  4.2063e-02
  1.3024e+03  6.7548e-01  5.1186e-02
  1.3034e+03  6.9167e-01  4.5150e-02
  1.3045e+03  8.2723e-01  3.2114e-02
  1.3055e+03  9.2807e-01  4.3544e-02
  1.3066e+03  1.0367e+00  3.3352e-02
  1.3076e+03  1.0655e+00  3.3251e-02
  1.3087e+03  1.1347e+00  2.8658e-02
  1.3097e+03  1.2207e+00  2.2805e-02
  1.3108e+03  1.0794e+00  2.7871e-02
  1.3118e+03  1.0919e+00  2.4241e-02
  1.3129e+03  1.0428e+00  2.8819e-02
  1.3139e+03  1.0197e+00  2.6800e-02
  1.3150e+03  1.0831e+00  3.3965e-02
  1.3160e+03  1.0690e+00  2.6017e-02
  1.3171e+03  1.0659e+00  1.9673e-02
  1.3181e+03  1.0391e+00  2.8075e-02
  1.3192e+03  1.0852e+00  3.4596e-02
  1.3202e+03  9.4153e-01  3.3274e-02
  1.3213e+03  1.0124e+00  4.4429e-02
  1.3223e+03  1.0112e+00  3.5928e-02
  1.3234e+03  1.0056e+00  2.4412e-02
  1.3244e+03  9.3014e-01  2.0689e-02
  1.3255e+03  1.0474e+00  2.4307e-02
  1.3265e+03  9.9763e-01  3.0361e-02
  1.3276e+03  9.9160e-01  3.3204e-02
  1.3286e+03  1.0901e+00  1.7723e-02
  1.3297e+03  9.0876e-01  3.0446e-02
  1.3307e+03  8.3723e-01  4.0668e-02
  1.3318e+03  7.4212e-01  2.9728e-02
  1.3328e+03  7.4876e-01  4.2615e-02
  1.3339e+03  7.4879e-01  3.4738e-02
  1.3349e+03  6.7799e-01  3.1221e-02
  1.3360e+03  8.8144e-01  2.8757e-02
  1.3370e+03  1.0196e+00  5.2971e-02
  1.3381e+03  1.0316e+00  3.4835e-02
  1.3391e+03  9.7960e-01  1.9605e-02
  1.3402e+03  1.0809e+00  1.5370e-02
  1.3412e+03  1.0541e+00  1.9676e-02
  1.3423e+03  1.0075e+00  2.8644e-02
  1.3433e+03  9.7306e-01  3.2243e-02
  1.3444e+03  1.0455e+00  1.8861e-02
  1.3454e+03  1.0160e+00  2.6651e-02
  1.3465e+03  1.0571e+00  2.4122e-02
  1.3475e+03  1.0629e+00  2.2055e-02
  1.3486e+03  1.1299e+00  2.1868e-02
  1.3496e+03  9.7435e-01  2.3377e-02
  1.3507e+03  1.0471e+00  3.7400e-02
  1.3517e+03  1.0757e+00  1.8752e-02
  1.3528e+03  1.0368e+00  1.8349e-02
  1.3538e+03  1.0205e+00  2.6982e-02
  1.3549e+03  1.0675e+00  2.1776e-02
  1.3559e+03  1.0957e+00  2.3136e-02
  1.3570e+03  1.0340e+00  2.4299e-02
  1.3580e+03  1.1292e+00  2.4459e-02
  1.3591e+03  1.0760e+00  2.6943e-02
  1.3602e+03  1.0284e+00  2.6567e-02
  1.3612e+03  1.0710e+00  2.0944e-02
  1.3623e+03  1.0228e+00  2.6590e-02
  1.3633e+03  1.0038e+00  4.4803e-02
  1.3644e+03  1.0368e+00  2.4180e-02
  1.3654e+03  1.0864e+00  2.1777e-02
  1.3665e+03  1.0084e+00  3.7563e-02
  1.3675e+03  9.9548e-01  3.7530e-02
  1.3686e+03  1.0018e+00  4.3260e-02
  1.3696e+03  9.3754e-01  4.9173e-02
  1.3707e+03  9.8776e-01  3.8096e-02
  1.3717e+03  1.0994e+00  2.1411e-02
  1.3728e+03  1.0161e+00  2.7390e-02
  1.3738e+03  1.0749e+00  2.2955e-02
  1.3749e+03  1.0370e+00  2.5988e-02
  1.3759e+03  1.0197e+00  3.1651e-02
  1.3770e+03  1.0462e+00  2.6558e-02
  1.3780e+03  9.6662e-01  2.5370e-02
  1.3791e+03  1.0342e+00  3.6939e-02
  1.3801e+03  1.0857e+00  3.6436e-02
  1.3812e+03  1.0578e+00  2.1936e-02
  1.3822e+03  1.0272e+00  2.8487e-02
  1.3833e+03  9.9551e-01  2.6791e-02
  1.3843e+03  9.8911e-01  3.3654e-02
  1.3854e+03  9.5040e-01  2.4090e-02
  1.3864e+03  9.7630e-01  2.4550e-02
  1.3875e+03  9.1668e-01  3.0898e-02
  1.3885e+03  1.0453e+00  4.0183e-02
  1.3896e+03  9.5530e-01  4.0004e-02
  1.3906e+03  8.1842e-01  2.8768e-02
  1.3917e+03  7.9971e-01  3.5271e-02
  1.3927e+03  7.6265e-01  3.5765e-02
  1.3938e+03  7.5666e-01  3.1114e-02
  1.3948e+03  8.9651e-01  3.1517e-02
  1.3959e+03  9.1474e-01  4.4799e-02
  1.3969e+03  9.4235e-01  4.5714e-02
  1.3980e+03  9.4030e-01  4.3351e-02
  1.3990e+03  8.7868e-01  2.9056e-02
  1.4001e+03  8.8406e-01  3.0128e-02
  1.4011e+03  7.8503e-01  5.1777e-02
  1.4022e+03  7.8358e-01  3.1492e-02
  1.4032e+03  1.0237e+00  3.0200e-02
  1.4043e+03  8.8682e-01  3.3960e-02
  1.4053e+03  9.5332e-01  3.1933e-02
  1.4064e+03  1.0805e+00  2.8089e-02
  1.4074e+03  1.0647e+00  2.3739e-02
  1.4085e+03  1.0398e+00  2.9853e-02
  1.4095e+03  1.0318e+00  3.1599e-02
  1.4106e+03  9.8162e-01  2.7125e-02
  1.4116e+03  9.5224e-01  3.1892e-02
  1.4127e+03  9.3864e-01  4.5198e-02
  1.4137e+03  1.0951e+00  3.0841e-02
  1.4148e+03  1.1020e+00  2.0888e-02
  1.4158e+03  9.4140e-01  3.0292e-02
  1.4169e+03  1.0401e+00  3.9876e-02
  1.4179e+03  9.3459e-01  3.4163e-02
  1.4190e+03  9.9699e-01  2.6246e-02
  1.4200e+03  9.7111e-01  2.0459e-02
  1.4211e+03  1.0192e+00  3.6192e-02
  1.4221e+03  9.9836e-01  3.3973e-02
  1.4232e+03  9.6580e-01  3.3400e-02
  1.4242e+03  9.6725e-01  2.7693e-02
  1.4253e+03  1.0381e+00  1.9997e-02
  1.4263e+03  9.9711e-01  2.4229e-02
  1.4274e+03  9.6343e-01  3.5290e-02
  1.4284e+03  1.0052e+00  3.5220e-02
  1.4295e+03  9.4498e-01  3.6884e-02
  1.4305e+03  1.0586e+00  2.6075e-02
  1.4316e+03  9.2651e-01  2.8770e-02
  1.4326e+03  9.4009e-01  3.0729e-02
  1.4337e+03  9.7609e-01  3.7703e-02
  1.4347e+03  1.0613e+00  2.8115e-02
  1.4358e+03  9.7620e-01  2.9661e-02
  1.4368e+03  1.0113e+00  2.2734e-02
  1.4379e+03  9.8813e-01  2.0961e-02
  1.4389e+03  1.0209e+00  3.0285e-02
  1.4400e+03  1.0057e+00  2.3113e-02
  1.4411e+03  9.2902e-01  2.1772e-02
  1.4421e+03  1.0169e+00  2.7870e-02
  1.4432e+03  1.1097e+00  3.7060e-02
  1.4442e+03  1.0144e+00  2.6184e-02
  1.4453e+03  9.6750e-01  3.2392e-02
  1.4463e+03  9.3240e-01  2.9580e-02
  1.4474e+03  1.0036e+00  5.0059e-02
  1.4484e+03  9.7647e-01  3.2736e-02
  1.4495e+03  1.1079e+00  3.6196e-02
  1.4505e+03  1.0366e+00  3.0509e-02
  1.4516e+03  9.6911e-01  4.3118e-02
  1.4526e+03  1.0219e+00  3.2253e-02
  1.4537e+03  1.1123e+00  4.1632e-02
  1.4547e+03  9.4665e-01  4.1444e-02
  1.4558e+03  9.0335e-01  2.8020e-02
  1.4568e+03  1.0315e+00  3.6669e-02
  1.4579e+03  9.7817e-01  2.5180e-02
  1.4589e+03  9.2705e-01  3.0221e-02
  1.4600e+03  1.1025e+00  3.4093e-02
  1.4610e+03  1.0371e+00  2.9559e-02
  1.4621e+03  9.7540e-01  3.9507e-02
  1.4631e+03  1.0051e+00  4.1744e-02
  1.4642e+03  1.0268e+00  4.2254e-02
  1.4652e+03  9.4238e-01  3.4061e-02
  1.4663e+03  1.0303e+00  4.1946e-02
  1.4673e+03  9.5826e-01  3.4026e-02
  1.4684e+03  1.0793e+00  4.1680e-02
  1.4694e+03  9.4592e-01  4.9490e-02
  1.4705e+03  9.2781e-01  4.2050e-02
  1.4715e+03  9.7269e-01  4.2468e-02
  1.4726e+03  1.0600e+00  2.7054e-02
  1.4736e+03  1.0350e+00  2.7766e-02
  1.4747e+03  1.0524e+00  3.6040e-02
  1.4757e+03  1.0778e+00  4.2410e-02
  1.4768e+03  1.0214e+00  2.3665e-02
  1.4778e+03  1.0232e+00  3.0467e-02
  1.4789e+03  1.0115e+00  4.3343e-02
  1.4799e+03  9.6562e-01  3.3017e-02
  1.4810e+03  9.7891e-01  3.0442e-02
  1.4820e+03  1.0929e+00  3.2322e-02
  1.4831e+03  1.0082e+00  3.4799e-02
  1.4841e+03  9.9280e-01  3.4374e-02
  1.4852e+03  1.0058e+00  3.5517e-02
  1.4862e+03  1.0169e+00  3.0675e-02
  1.4873e+03  9.7185e-01  2.8576e-02
  1.4883e+03  1.0714e+00  3.3258e-02
  1.4894e+03  1.0121e+00  3.3434e-02
  1.4904e+03  9.6687e-01  3.5003e-02
  1.4915e+03  1.0567e+00  4.9251e-02
  1.4925e+03  1.0709e+00  3.3676e-02
  1.4936e+03  9.4748e-01  4.2580e-02
  1.4946e+03  9.0682e-01  3.6695e-02
  1.4957e+03  1.0094e+00  4.4769e-02
  1.4967e+03  9.6693e-01  4.2971e-02
  1.4978e+03  1.0659e+00  3.1077e-02
  1.4988e+03  9.7870e-01  4.4333e-02
  1.4999e+03  9.8658e-01  4.3349e-02
  1.5009e+03  8.9240e-01  2.9578e-02
  1.5020e+03  9.5090e-01  3.8127e-02
  1.5030e+03  1.0747e+00  4.2897e-02
  1.5041e+03  9.2664e-01  2.4873e-02
  1.5051e+03  9.2894e-01  3.2197e-02
  1.5062e+03  9.1548e-01  4.2020e-02
  1.5072e+03  1.0119e+00  3.2244e-02
  1.5083e+03  9.8543e-01  4.1484e-02
  1.5093e+03  1.0517e+00  4.2053e-02
  1.5104e+03  9.4313e-01  4.5159e-02
  1.5114e+03  8.6780e-01  4.7234e-02
  1.5125e+03  9.9962e-01  4.4970e-02
  1.5135e+03  9.7202e-01  4.9416e-02
  1.5146e+03  9.5733e-01  2.9613e-02
  1.5156e+03  1.0411e+00  4.0508e-02
  1.5167e+03  9.5569e-01  4.7398e-02
  1.5177e+03  9.8809e-01  6.3414e-02
  1.5188e+03  1.0579e+00  5.1122e-02
  1.5198e+03  9.8854e-01  5.1093e-02
  1.5209e+03  9.5797e-01  4.3519e-02
  1.5220e+03  8.9541e-01  3.4940e-02
  1.5230e+03  8.4509e-01  5.8861e-02
  1.5241e+03  7.9463e-01  7.0644e-02
  1.5251e+03  7.6057e-01  6.1330e-02
  1.5262e+03  7.1880e-01  5.9807e-02
  1.5272e+03  8.0019e-01  6.4187e-02
  1.5283e+03  8.5558e-01  5.3887e-02
  1.5293e+03  8.7640e-01  5.2178e-02
  1.5304e+03  9.9610e-01  5.4597e-02
  1.5314e+03  9.3782e-01  4.2259e-02
  1.5325e+03  9.2535e-01  3.3687e-02
  1.5335e+03  9.6438e-01  2.8506e-02
  1.5346e+03  9.2594e-01  4.0823e-02
  1.5356e+03  8.1354e-01  4.6788e-02
  1.5367e+03  8.7336e-01  4.6414e-02
  1.5377e+03  9.1769e-01  4.2955e-02
  1.5388e+03  8.9953e-01  2.8940e-02
  1.5398e+03  8.2377e-01  3.9432e-02
  1.5409e+03  8.1078e-01  4.8702e-02
  1.5419e+03  6.9734e-01  3.6140e-02
  1.5430e+03  6.4864e-01  5.1296e-02
  1.5440e+03  7.6722e-01  4.5774e-02
  1.5451e+03  6.2647e-01  4.4287e-02
  1.5461e+03  6.1247e-01  5.3337e-02
  1.5472e+03  6.1235e-01  3.4089e-02
  1.5482e+03  6.8343e-01  4.5526e-02
  1.5493e+03  8.1347e-01  3.8159e-02
  1.5503e+03  7.0087e-01  4.6228e-02
  1.5514e+03  8.3554e-01  4.2872e-02
  1.5524e+03  9.2688e-01  4.3232e-02
  1.5535e+03  1.0474e+00  4.0998e-02
  1.5545e+03  9.9243e-01  3.1451e-02
  1.5556e+03  9.9647e-01  3.1064e-02
  1.5566e+03  1.0710e+00  3.0620e-02
  1.5577e+03  9.2820e-01  3.9574e-02
  1.5587e+03  9.1963e-01  5.7955e-02
  1.5598e+03  1.0639e+00  3.9480e-02
  1.5608e+03  9.7972e-01  3.2019e-02
  1.5619e+03  9.0369e-01  2.9931e-02
  1.5629e+03  8.2580e-01  5.7286e-02
  1.5640e+03  9.5109e-01  4.4822e-02
  1.5650e+03  1.0461e+00  5.5943e-02
  1.5661e+03  8.4181e-01  5.1529e-02
  1.5671e+03  8.7490e-01  3.9749e-02
  1.5682e+03  8.8330e-01  2.8861e-02
  1.5692e+03  1.0151e+00  3.9615e-02
  1.5703e+03  8.8147e-01  3.3143e-02
  1.5713e+03  8.9002e-01  4.8215e-02
  1.5724e+03  9.7614e-01  3.6228e-02
  1.5734e+03  1.0259e+00  4.0413e-02
  1.5745e+03  9.4291e-01  3.4566e-02
  1.5755e+03  9.6722e-01  4.7043e-02
  1.5766e+03  1.0859e+00  4.2475e-02
  1.5776e+03  9.4167e-01  3.8888e-02
  1.5787e+03  9.1724e-01  2.9237e-02
  1.5797e+03  1.0053e+00  4.3501e-02
  1.5808e+03  9.2739e-01  5.0995e-02
  1.5818e+03  9.4326e-01  6.1446e-02
  1.5829e+03  9.0090e-01  4.2063e-02
  1.5839e+03  9.8901e-01  4.4803e-02
  1.5850e+03  9.3265e-01  5.4551e-02
  1.5860e+03  8.9079e-01  4.0213e-02
  1.5871e+03  8.8345e-01  2.3101e-02
  1.5881e+03  9.8997e-01  4.2014e-02
  1.5892e+03  7.9784e-01  2.2560e-02
  1.5902e+03  8.8337e-01  4.0584e-02
  1.5913e+03  1.0006e+00  4.2094e-02
  1.5923e+03  8.0229e-01  6.2919e-02
  1.5934e+03  8.7999e-01  4.5585e-02
  1.5944e+03  8.9077e-01  3.9494e-02
  1.5955e+03  9.6927e-01  3.7114e-02
  1.5965e+03  9.3940e-01  5.4549e-02
  1.5976e+03  9.7916e-01  5.3715e-02
  1.5986e+03  8.7967e-01  5.1533e-02
  1.5997e+03  8.8583e-01  3.6760e-02
  1.6008e+03  9.0617e-01  5.3543e-02
  1.6018e+03  8.6346e-01  4.6044e-02
  1.6029e+03  8.0184e-01  3.0851e-02
  1.6039e+03  8.1411e-01  6.2303e-02
  1.6050e+03  7.5573e-01  4.1212e-02
  1.6060e+03  8.6116e-01  3.8456e-02
  1.6071e+03  6.9677e-01  4.3579e-02
  1.6081e+03  7.5159e-01  4.0314e-02
  1.6092e+03  7.2963e-01  4.3970e-02
  1.6102e+03  9.3776e-01  3.8539e-02
  1.6113e+03  8.1095e-01  5.0462e-02
  1.6123e+03  7.7673e-01  5.2532e-02
  1.6134e+03  8.3244e-01  3.6827e-02
  1.6144e+03  9.8220e-01  5.9203e-02
  1.6155e+03  9.1228e-01  6.4667e-02
  1.6165e+03  9.1601e-01  5.0841e-02
  1.6176e+03  9.9694e-01  4.8421e-02
  1.6186e+03  8.4944e-01  5.6856e-02
  1.6197e+03  8.4726e-01  3.8769e-02
  1.6207e+03  9.2682e-01  6.7838e-02
  1.6218e+03  8.2442e-01  3.6874e-02
  1.6228e+03  9.1613e-01  4.9976e-02
  1.6239e+03  9.9246e-01  4.4351e-02
  1.6249e+03  9.2736e-01  5.5074e-02
  1.6260e+03  9.3100e-01  4.0217e-02
  1.6270e+03  9.7533e-01  5.7561e-02
  1.6281e+03  9.1786e-01  4.4525e-02
  1.6291e+03  7.9879e-01  4.4014e-02
  1.6302e+03  9.0197e-01  5.3560e-02
  1.6312e+03  9.1678e-01  5.2162e-02
  1.6323e+03  9.3180e-01  4.3503e-02
  1.6333e+03  1.0395e+00  4.8196e-02
  1.6344e+03  9.7058e-01  4.4744e-02
  1.6354e+03  8.9770e-01  3.5516e-02
  1.6365e+03  8.7840e-01  4.2224e-02
  1.6375e+03  9.6235e-01  4.8112e-02
  1.6386e+03  9.9520e-01  5.4737e-02
  1.6396e+03  9.8607e-01  4.5112e-02
  1.6407e+03  1.0157e+00  5.9554e-02
  1.6417e+03  1.0417e+00  3.9346e-02
  1.6428e+03  1.0712e+00  3.5962e-02
  1.6438e+03  1.0596e+00  4.1003e-02
  1.6449e+03  1.0465e+00  6.4840e-02
  1.6459e+03  1.0464e+00  5.7568e-02
  1.6470e+03  9.1809e-01  5.8669e-02
  1.6480e+03  9.3681e-01  3.6964e-02
  1.6491e+03  9.5322e-01  4.4459e-02
  1.6501e+03  9.3920e-01  5.2408e-02
  1.6512e+03  9.2118e-01  3.5865e-02
  1.6522e+03  9.0613e-01  4.1198e-02
  1.6533e+03  8.0621e-01  6.0966e-02
  1.6543e+03  9.5435e-01  2.5363e-02
  1.6554e+03  1.0220e+00  4.4442e-02
  1.6564e+03  8.5711e-01  4.4591e-02
  1.6575e+03  7.8891e-01  4.6817e-02
  1.6585e+03  9.2786e-01  4.7904e-02
  1.6596e+03  9.7637e-01  6.2457e-02
  1.6606e+03  9.6272e-01  5.4033e-02
  1.6617e+03  7.6549e-01  4.1819e-02
  1.6627e+03  9.4102e-01  6.2173e-02
  1.6638e+03  1.0007e+00  6.6032e-02
  1.6648e+03  8.3092e-01  2.5349e-02
  1.6659e+03  8.6975e-01  5.0470e-02
  1.6669e+03  8.5260e-01  7.3282e-02
  1.6680e+03  7.8020e-01  7.3854e-02
  1.6690e+03  7.3200e-01  7.0091e-02
  1.6701e+03  9.0423e-01  8.6917e-02
  1.6711e+03  7.2934e-01  4.5344e-02
  1.6722e+03  8.5687e-01  5.9771e-02
  1.6732e+03  7.5641e-01  4.9160e-02
  1.6743e+03  8.1693e-01  4.9289e-02
  1.6753e+03  9.1434e-01  3.8578e-02
  1.6764e+03  1.0456e+00  7.6497e-02
  1.6774e+03  9.0877e-01  5.1896e-02
  1.6785e+03  8.7998e-01  6.0500e-02
  1.6795e+03  9.2901e-01  5.8922e-02
  1.6806e+03  9.0204e-01  4.0419e-02
  1.6817e+03  1.0350e+00  7.0018e-02
  1.6827e+03  1.0449e+00  6.3982e-02
  1.6838e+03  9.6999e-01  5.2244e-02
  1.6848e+03  1.0218e+00  3.3196e-02
  1.6859e+03  9.0580e-01  5.5216e-02
  1.6869e+03  1.0030e+00  3.1663e-02
  1.6880e+03  8.5287e-01  8.6156e-02
  1.6890e+03  1.0435e+00  5.8854e-02
  1.6901e+03  7.9076e-01  6.8794e-02
  1.6911e+03  8.9161e-01  6.3180e-02
  1.6922e+03  1.0954e+00  7.2874e-02
  1.6932e+03  1.0121e+00  4.2430e-02
  1.6943e+03  8.8852e-01  4.5053e-02
  1.6953e+03  1.0160e+00  7.8525e-02
  1.6964e+03  9.9712e-01  4.3262e-02
  1.6974e+03  7.8390e-01  5.1408e-02
  1.6985e+03  9.3457e-01  3.7223e-02
  1.6995e+03  9.5400e-01  5.5858e-02
  1.7006e+03  8.7423e-01  6.6789e-02
  1.7016e+03  9.4832e-01  5.9664e-02
  1.7027e+03  9.1408e-01  4.6794e-02
  1.7037e+03  9.1261e-01  5.4601e-02
  1.7048e+03  8.7189e-01  3.9922e-02
  1.7058e+03  9.1540e-01  5.9232e-02
  1.7069e+03  7.7291e-01  7.8533e-02
  1.7079e+03  8.4134e-01  4.9242e-02
  1.7090e+03  8.4430e-01  6.8182e-02
  1.7100e+03  9.2480e-01  8.0778e-02
  1.7111e+03  9.8496e-01  5.1168e-02
  1.7121e+03  8.6522e-01  5.8101e-02
  1.7132e+03  8.2712e-01  6.9063e-02
  1.7142e+03  9.1866e-01  6.0713e-02
  1.7153e+03  9.8177e-01  6.2600e-02
  1.7163e+03  7.5842e-01  6.6953e-02
  1.7174e+03  8.4659e-01  1.1392e-01
  1.7184e+03  8.8253e-01  5.3419e-02
  1.7195e+03  9.1683e-01  7.9994e-02
  1.7205e+03  9.3654e-01  1.0725e-01
  1.7216e+03  8.6989e-01  6.2601e-02
  1.7226e+03  9.0756e-01  6.2883e-02
  1.7237e+03  9.3348e-01  5.0634e-02
  1.7247e+03  9.6072e-01  5.2497e-02
  1.7258e+03  9.5808e-01  3.9422e-02
  1.7268e+03  9.3753e-01  5.8375e-02
  1.7279e+03  9.6554e-01  5.5617e-02
  1.7289e+03  8.3637e-01  3.5397e-02
  1.7300e+03  9.1946e-01  7.3562e-02
  1.7310e+03  1.0132e+00  6.9662e-02
  1.7321e+03  9.4295e-01  6.4290e-02
  1.7331e+03  8.3732e-01  5.9949e-02
  1.7342e+03  1.0565e+00  6.9504e-02
  1.7352e+03  8.9505e-01  5.0506e-02
  1.7363e+03  8.1148e-01  6.9542e-02
  1.7373e+03  7.7477e-01  2.2781e-02
  1.7384e+03  9.7871e-01  7.7519e-02
  1.7394e+03  9.7301e-01  6.9118e-02
  1.7405e+03  9.0853e-01  5.9169e-02
  1.7415e+03  8.1699e-01  5.2522e-02
  1.7426e+03  8.8683e-01  8.2338e-02
  1.7436e+03  9.3541e-01  1.1196e-01
  1.7447e+03  7.4401e-01  5.1419e-02
  1.7457e+03  7.5405e-01  8.6164e-02
  1.7468e+03  1.0018e+00  5.1171e-02
  1.7478e+03  8.5522e-01  8.7422e-02
  1.7489e+03  1.0609e+00  6.4260e-02
  1.7499e+03  9.0477e-01  9.0570e-02
  1.7510e+03  8.8799e-01  7.8563e-02
  1.7520e+03  9.3454e-01  7.6443e-02
  1.7531e+03  9.7898e-01  5.5740e-02
  1.7541e+03  8.6122e-01  8.7665e-02
  1.7552e+03  7.9805e-01  8.1765e-02
  1.7562e+03  9.2847e-01  6.3017e-02
  1.7573e+03  8.6541e-01  5.9745e-02
  1.7583e+03  8.6061e-01  6.9702e-02
  1.7594e+03  8.2092e-01  2.4182e-02
  1.7605e+03  8.8495e-01  5.1873e-02
  1.7615e+03  9.7284e-01  6.0247e-02
  1.7626e+03  9.2579e-01  4.2146e-02
  1.7636e+03  8.7747e-01  8.3705e-02
  1.7647e+03  8.2133e-01  8.2267e-02
  1.7657e+03  7.6914e-01  6.8149e-02
  1.7668e+03  9.4751e-01  8.2901e-02
  1.7678e+03  9.4879e-01  6.1325e-02
  1.7689e+03  8.4854e-01  8.6610e-02
  1.7699e+03  8.7553e-01  5.2934e-02
  1.7710e+03  7.4591e-01  5.4648e-02
  1.7720e+03  8.3321e-01  4.1034e-02
  1.7731e+03  9.0098e-01  7.5328e-02
  1.7741e+03  9.2872e-01  5.1626e-02
  1.7752e+03  8.9735e-01  6.6868e-02
  1.7762e+03  9.3099e-01  6.7387e-02
  1.7773e+03  9.2627e-01  5.1164e-02
  1.7783e+03  8.2434e-01  6.2454e-02
  1.7794e+03  9.1182e-01  6.1294e-02
  1.7804e+03  1.0689e+00  6.0506e-02
  1.7815e+03  1.0950e+00  6.5907e-02
  1.7825e+03  1.0878e+00  3.9338e-02
  1.7836e+03  8.8960e-01  5.5653e-02
  1.7846e+03  8.0163e-01  6.8232e-02
  1.7857e+03  9.4918e-01  1.0360e-01
  1.7867e+03  7.5401e-01  9.1267e-02
  1.7878e+03  9.7612e-01  3.9333e-02
  1.7888e+03  1.0970e+00  6.3640e-02
  1.7899e+03  9.5805e-01  5.3204e-02
  1.7909e+03  8.3768e-01  6.5229e-02
  1.7920e+03  8.7415e-01  7.9699e-02
  1.7930e+03  8.0240e-01  7.1309e-02
  1.7941e+03  7.2743e-01  1.0786e-01
  1.7951e+03  1.0037e+00  7.5549e-02
  1.7962e+03  7.9060e-01  5.4203e-02
  1.7972e+03  8.2951e-01  6.5568e-02
  1.7983e+03  9.9241e-01  7.2609e-02
  1.7993e+03  9.3393e-01  7.6602e-02
  1.8004e+03  1.0511e+00  5.9591e-02
  1.8014e+03  8.6369e-01  1.3666e-01
  1.8025e+03  8.6748e-01  1.2331e-01
  1.8035e+03  9.0883e-01  6.9803e-02
  1.8046e+03  8.5146e-01  8.1984e-02
  1.8056e+03  7.7375e-01  1.0674e-01
  1.8067e+03  8.5583e-01  5.9093e-02
  1.8077e+03  1.2068e+00  3.3436e-02
  1.8088e+03  9.3514e-01  5.0965e-02
  1.8098e+03  9.7729e-01  6.7079e-02
  1.8109e+03  9.4557e-01  7.8715e-02
  1.8119e+03  9.1832e-01  4.6611e-02
  1.8130e+03  9.7757e-01  9.8336e-02
  1.8140e+03  9.9511e-01  7.5895e-02
  1.8151e+03  1.0331e+00  6.4145e-02
  1.8161e+03  1.0562e+00  3.2200e-02
  1.8172e+03  8.9942e-01  8.2325e-02
  1.8182e+03  1.0574e+00  7.4441e-02
  1.8193e+03  7.9134e-01  1.2207e-01
  1.8203e+03  1.1208e+00  7.8598e-02
  1.8214e+03  8.7208e-01  9.5062e-02
  1.8224e+03  9.5949e-01  5.9572e-02
  1.8235e+03  8.1665e-01  7.3945e-02
  1.8245e+03  1.1251e+00  6.1590e-02
  1.8256e+03  1.0819e+00  5.0012e-02
  1.8266e+03  6.8969e-01  1.7558e-01
  1.8277e+03  1.2360e+00  5.1590e-02
  1.8287e+03  9.8933e-01  7.5909e-02
  1.8298e+03  1.1216e+00  5.3226e-02
  1.8308e+03  8.8343e-01  1.7309e-01
  1.8319e+03  8.2455e-01  1.1579e-01
  1.8329e+03  9.2173e-01  9.5570e-02
  1.8340e+03  8.3160e-01  1.5429e-01
  1.8350e+03  8.8163e-01  8.9076e-02
  1.8361e+03  8.2889e-01  6.7705e-02
  1.8371e+03  1.0153e+00  1.2331e-01
  1.8382e+03  1.0129e+00  8.7918e-02
  1.8392e+03  8.7619e-01  1.0608e-01
  1.8403e+03  8.5658e-01  1.3161e-01
  1.8414e+03  6.1665e-01  1.4896e-01
  1.8424e+03  7.2465e-01  1.1561e-01
  1.8435e+03  9.3593e-01  1.1757e-01
  1.8445e+03  1.0345e+00  1.0899e-01
  1.8456e+03  8.0698e-01  6.1827e-02
  1.8466e+03  9.0866e-01  8.9598e-02
  1.8477e+03  8.0405e-01  3.0422e-02
  1.8487e+03  6.2127e-01  1.4183e-01
  1.8498e+03  9.0728e-01  1.0480e-01
  1.8508e+03  8.2967e-01  1.6742e-01
  1.8519e+03  9.4882e-01  9.7874e-02
  1.8529e+03  8.4757e-01  2.1850e-02
  1.8540e+03  9.0199e-01  7.0662e-02
  1.8550e+03  6.3743e-01  8.2438e-02
  1.8561e+03  6.7299e-01  6.7284e-02
  1.8571e+03  8.1038e-01  8.3267e-02
  1.8582e+03  7.0579e-01  1.0399e-01
  1.8592e+03  9.6798e-01  7.9748e-02
  1.8603e+03  8.7101e-01  6.2018e-02
  1.8613e+03  7.5996e-01  1.3696e-01
  1.8624e+03  7.0768e-01  5.8207e-02
  1.8634e+03  8.9656e-01  1.2796e-01
  1.8645e+03  6.7112e-01  1.3310e-01
  1.8655e+03  7.5368e-01  1.4658e-01
  1.8666e+03  9.6825e-01  9.7401e-02
  1.8676e+03  1.0841e+00  1.4162e-01
  1.8687e+03  8.8479e-01  9.9599e-02
  1.8697e+03  8.1558e-01  1.2817e-01
  1.8708e+03  1.1431e+00  1.4016e-01
  1.8718e+03  1.1258e+00  6.7355e-02
  1.8729e+03  8.0384e-01  1.7463e-01
  1.8739e+03  8.7227e-01  8.4512e-02
  1.8750e+03  8.0289e-01  1.2363e-01
  1.8760e+03  7.2921e-01  1.5848e-01
  1.8771e+03  8.2345e-01  1.1656e-01
  1.8781e+03  8.9035e-01  1.0914e-01
  1.8792e+03  7.2286e-01  1.2358e-01
  1.8802e+03  8.3203e-01  2.0573e-01
  1.8813e+03  7.5451e-01  1.0676e-01
  1.8823e+03  7.0107e-01  1.1030e-01
  1.8834e+03  8.5370e-01  1.2199e-01
  1.8844e+03  8.7939e-01  1.4199e-01
  1.8855e+03  7.9477e-01  1.2067e-01
  1.8865e+03  9.1401e-01  1.8549e-01
  1.8876e+03  9.8497e-01  1.6451e-01
  1.8886e+03  8.1757e-01  8.4546e-02
  1.8897e+03  6.7705e-01  7.6506e-02
  1.8907e+03  7.3896e-01  4.4307e-02
  1.8918e+03  8.8700e-01  1.0662e-01
  1.8928e+03  7.5218e-01  1.0809e-01
  1.8939e+03  9.5282e-01  7.0036e-02
  1.8949e+03  9.1629e-01  9.9420e-02
  1.8960e+03  6.7886e-01  1.9325e-01
  1.8970e+03  1.1743e+00  7.2601e-02
  1.8981e+03  7.4066e-01  1.0135e-01
  1.8991e+03  8.9446e-01  1.0900e-01
  1.9002e+03  7.9369e-01  2.3062e-01
  1.9012e+03  8.2867e-01  7.4214e-02
  1.9023e+03  7.8657e-01  9.7625e-02
  1.9033e+03  8.9269e-01  1.0630e-01
  1.9044e+03  8.3118e-01  9.9840e-02
  1.9054e+03  9.4320e-01  1.3929e-01
  1.9065e+03  1.1068e+00  1.1869e-01
  1.9075e+03  9.5102e-01  1.0028e-01
  1.9086e+03  9.0033e-01  1.2964e-01
  1.9096e+03  9.6816e-01  2.1222e-01
  1.9107e+03  7.5736e-01  1.4143e-01
  1.9117e+03  6.6350e-01  2.5375e-01
  1.9128e+03  8.8311e-01  9.8927e-02
  1.9138e+03  6.0278e-01  1.6403e-01
  1.9149e+03  9.4728e-01  2.7971e-01
  1.9159e+03  8.9529e-01  3.3903e-02
  1.9170e+03  9.3776e-01  1.2089e-01
  1.9180e+03  5.4991e-01  8.2474e-02
  1.9191e+03  7.9638e-01  9.3064e-02
  1.9202e+03  8.6107e-01  1.4549e-01
  1.9212e+03  1.0998e+00  1.8594e-01
  1.9223e+03  9.8134e-01  2.1342e-01
  1.9233e+03  5.9015e-01  1.0982e-01
  1.9244e+03  8.7141e-01  1.8120e-01
  1.9254e+03  8.4158e-01  1.1493e-01
  1.9265e+03  7.9154e-01  1.5426e-01
  1.9275e+03  7.3048e-01  1.8388e-01
  1.9286e+03  6.5948e-01  1.0400e-01
  1.9296e+03  6.7318e-01  1.0656e-01
  1.9307e+03  7.6807e-01  9.7968e-02
  1.9317e+03  5.3674e-01  8.0051e-02
  1.9328e+03  8.4400e-01  1.1896e-01
  1.9338e+03  6.6751e-01  1.9518e-01
  1.9349e+03  9.6891e-01  1.4480e-01
  1.9359e+03  9.3510e-01  1.2485e-01
  1.9370e+03  7.2420e-01  2.3516e-01
  1.9380e+03  9.1638e-01  1.0535e-01
  1.9391e+03  8.0570e-01  1.2865e-01
  1.9401e+03  5.3930e-01  1.8104e-01
  1.9412e+03  7.1320e-01  1.6764e-01
  1.9422e+03  6.6146e-01  5.6123e-02
  1.9433e+03  8.2940e-01  1.9866e-01
  1.9443e+03  4.9868e-01  2.7613e-02
  1.9454e+03  1.2328e+00  3.2779e-02
  1.9464e+03  4.5090e-01  1.9125e-01
  1.9475e+03  1.0485e+00  1.2952e-01
  1.9485e+03  7.7183e-01  1.2625e-01
  1.9496e+03  7.0622e-01  1.7924e-01
  1.9506e+03  4.9567e-01  2.1254e-01
  1.9517e+03  6.3153e-01  1.2852e-01
  1.9527e+03  8.1750e-01  1.3634e-01
  1.9538e+03  7.3508e-01  9.1652e-02
  1.9548e+03  5.3878e-01  2.4932e-01
  1.9559e+03  7.3581e-01  1.3115e-01
  1.9569e+03  6.2205e-01  1.3864e-01
  1.9580e+03  7.3888e-01  1.6483e-01
  1.9590e+03  7.6222e-01  1.8428e-01
  1.9601e+03  6.8794e-01  1.2953e-01
  1.9611e+03  7.4600e-01  5.4671e-02
  1.9622e+03  7.2932e-01  1.2765e-01
  1.9632e+03  8.3290e-01  4.4980e-02
  1.9643e+03  8.9934e-01  1.1166e-01
  1.9653e+03  6.5351e-01  7.3043e-02
  1.9664e+03  7.2864e-01  2.0508e-01
  1.9674e+03  8.8984e-01  1.7156e-01
  1.9685e+03  3.6372e-01  1.4836e-01
  1.9695e+03  7.3900e-01  1.7313e-01
  1.9706e+03  8.6512e-01  5.0165e-02
  1.9716e+03  6.5857e-01  1.8124e-01
  1.9727e+03  5.1176e-01  1.7145e-01
  1.9737e+03  0.0000e+00  0.0000e+00
  1.9748e+03  4.9002e-01  1.5458e-01
  1.9758e+03  6.5202e-01  1.3150e-01
  1.9769e+03  9.1251e-01  6.8662e-03
  1.9779e+03  1.1585e+00  1.9143e-01
  1.9790e+03  1.0245e+00  2.4990e-01
  1.9800e+03  8.7226e-01  1.7702e-01
  1.9811e+03  6.6441e-01  2.4106e-01
  1.9821e+03  1.1637e+00  1.2069e-01
  1.9832e+03  8.2911e-01  1.9813e-01
  1.9842e+03  5.5753e-01  9.9443e-02
  1.9853e+03  1.1482e+00  1.0451e-01
  1.9863e+03  8.5349e-01  2.7083e-01
  1.9874e+03  9.2320e-01  2.1548e-01
  1.9884e+03  1.1283e+00  2.7716e-02
  1.9895e+03  7.2759e-01  1.9452e-01
  1.9905e+03  9.4978e-01  2.1053e-01
  1.9916e+03  9.2705e-01  9.2919e-02
  1.9926e+03  9.3601e-01  2.1128e-01
  1.9937e+03  8.5581e-01  1.8333e-01
  1.9947e+03  1.1251e+00  2.0273e-01
  1.9958e+03  8.9234e-01  2.0576e-01
  1.9968e+03  8.9348e-01  3.2749e-01
  1.9979e+03  1.1834e+00  1.0460e-01
